  0   0   0   0   0   0   0   0   0   0   0   0   0   0   0   0   0   0   0   0   0   0   0   0   0   0   0   0
  0   0   0   0   0   0   0   0   0   0   0   0   0   0   0   0   0   0   0   0   0   0   0   0   0   0   0   0
  0   0   0   0   0   0   0   0   0   0   0   0   0   0   0   0   0   0   0   0   0   0   0   0   0   0   0   0
  0   0   0   0   0   0   0   0   0   0   0   0   0   0   0   0   0   0   0   0   0   0   0   0   0   0   0   0
  0   0   0   0   0   0   0   0   0   0   0   0   0   0   0   0   0   0   0   0   0   0   0   0   0   0   0   0
  0   0   0   0   0   0   0   0   0   0   0   5   9   7   0   0   0   0   0   0   0   0   0   0   0   0   0   0
  0   0   0   0  53  67  67  85 170 175 198 215 212 228 206 200 176 170 168 164   0   0   0   0   0   0   0   0
  0   0   0  41 154 171 176 178 187 217 235 237 237 237 236 230 228 209 186 170   1   0   0   0   0   0   0   0
  0   0   0   0 132 173 178 183 226 243 244 228 189 129 133 147 237 247 240 206   8   0   0   0   0   0   0   0
  0   0   0   0  85 107 128 213 178  80  66  33  22  19  17  39 207 252 249 197  29   0   0   0   0   0   0   0
  0   0   0   0   6  10  56  99  74  58  22  16  12  14  34 163 248 252 231 122  11   0   0   0   0   0   0   0
  0   0   0   0   6  26  72  74  73  27  12   2   6  85 206 239 243 206  92  54   4   0   0   0   0   0   0   0
  0   0   0   2   8  46  73  70  54  11   9  42 166 207 240 242 242 164  74  46   4   0   0   0   0   0   0   0
  0   0   0   4   9  28  70  69  65  49 115 170 218 239 242 241 240 174  90  54   4   0   0   0   0   0   0   0
  0   0   0   4   9  13  61  80 125 220 219 242 242 241 232 216 244 250 224  86   4   0   0   0   0   0   0   0
  0   0   0   4   9  10  22  56 154 230 228 226 191 158 133 141 244 252 252 210  34   0   0   0   0   0   0   0
  0   0   0   1   7   9   9  18 105 180 175 115  36   0   0  17 119 181 251 228 151  21   0   0   0   0   0   0
  0   0   0   0   0   7   7   7   1   0   0   0   0   0   0   4  66  77 177 232 174  29   0   0   0   0   0   0
  0   0   0   0   0   0   0   0   0   0   0   0   0   0   0   4  66  75  90 178 175 130  18   0   0   0   0   0
  0   0   0   0   0   0   0   0   0   0   0   0   0   0   0   4  66  75  84 182 181 168  65   0   0   0   0   0
  0   0   0   0   0   0   0   0   0   0   0   0   0   0   0   7  67  76  84 174 179 151  35   0   0   0   0   0
  0   0   0   0   0   0   0   0   0  25   0   0   0   0   0  10  70 102 151 223 175 132   0   0   0   0   0   0
  0   0   0   0   0   0   0   0   0  71 106 107  77   5   4  20  94 219 251 221 172  67   0   0   0   0   0   0
  0   0   0   0   0   0   0   0   0   3 127 168 168 170 131 180 246 252 242 210 172  29   0   0   0   0   0   0
  0   0   0   0   0   0   0   0   4   9  43 156 177 178 179 188 245 247 232  93  34   5   0   0   0   0   0   0
  0   0   0   0   0   0   0   1   9  10  10  44  75 147 175 174 213 225 113  33   4   0   0   0   0   0   0   0
  0   0   0   0   0   0   0   0   0   0   0   0   0   0   0   0   9  10   8   7   1   0   0   0   0   0   0   0
  0   0   0   0   0   0   0   0   0   0   0   0   0   0   0   0   0   0   0   0   0   0   0   0   0   0   0   0
