  0   0   0   0   0   0   0   0   0   0   0   0   0   0   0   0   0   0   0   0   0   0   0   0   0   0   0   0
  0   0   0   0   0   0   0   0   0   0   0   0   0   0   0   0   0   0   0   0   0   0   0   0   0   0   0   0
  0   0   0   0   0   0   0   0   0   0   0   0   0   0   0   0   0   0   0   0   0   0   0   0   0   0   0   0
  0   0   0   0   0   0   0   0   0   0   0   0   0   0   0   0   0   0   0   0   0   0   0   0   0   0   0   0
  0   0   0   0   0   0   0   0   0   0   0   0   0   0   0   0   0   0   0   4   7  13  30  41  35   0   0   0
  0   0   0   0   0   2  54 118 128 129 128 128 128  75  41   8  23  23  33  45  47  49  47  45  23   0   0   0
  0   0   0   0   0  60 127 127 106 104 139 183 213 221 239 196 130  91  64  54  34  18   4   0   0   0   0   0
  0   0   0   0   0  59  92  45   3   0  56 108 117 160 186 198 151  94  65  31   6   0   0   0   0   0   0   0
  0   0   0   0   0   0   0   0   5  23  77  87  68  19  91 127  92  11  32  27  26   0   0   0   0   0   0   0
  0   0   0   0   0   0   0   8  29  40  71  55  62  86 128 127  40   0   0   1  23   1   2   0   0   0   0   0
  0   0   0   0   0   0   9  29  30  31  88 123 146 128 117  48   0   0   0   2  19  28  30   6   0   0   0   0
  0   0   0   0   0   8  29  29  25 121 200 170 132 101  31   0   0   0   7  25  30  30  25   0   0   0   0   0
  0   0   0   0   2  27  30  18  80 206 195 132 127 127 109  56  35  16  26  27  25  30  21   0   0   0   0   0
  0   0   0   0  18  30  16  15  60 173 108  81  94 142 147 145 146 132  67  27  32  30   1   0   0   0   0   0
  0   0   0   0  18  30  17  44  50  91  65  50  50  63 118 188 248 222 186 112  58  26   0   0   0   0   0   0
  0   0   0   0  18  49  65  55  55  79  69  44  60  79  95  62  57 125 174 229 169  12   0   0   0   0   0   0
  0   0   0   0   3  65  80  69  43  38  72  73  70  52  14   0   0   0  71 228 228  78   0   0   0   0   0   0
  0   0   0   0   0  34  40  20  23  12  22  24   6   0   0   0   0   8  31 138 193 166  24   0   0   0   0   0
  0   0   0   0   0   0   0   0   0   0   0   0   0   0   0   0   1  25  44  77 171 175  79   0   0   0   0   0
  0   0   0   0   0  11  16   0   0   0   0   0   0   0   0   0  21  30  55  76 178 161  81   0   0   0   0   0
  0   0   0   0   0  30  26   0   0   0   0   0   0   0   0   3  28  47  94 106 175 145  81   0   0   0   0   0
  0   0   0   0   0  30  41   9  15   3   0   0   0   0   6  54 107 182 202 171 141 121  40   0   0   0   0   0
  0   0   0   0   0   6  42  48  49  46  34  26  69 134 143 196 230 211 156 134 105  41   0   0   0   0   0   0
  0   0   0   0   0   0   5  18  11  11  71 148 173 176 182 200 199 138 127  49   8   0   0   0   0   0   0   0
  0   0   0   0   0   0   0   0   0   0  44 131 126  58  88 141  50  11  11   0   0   0   0   0   0   0   0   0
  0   0   0   0   0   0   0   0   0   0   0   0  28  44  73  26   0   0   0   0   0   0   0   0   0   0   0   0
  0   0   0   0   0   0   0   0   0   0   0   0   0   0   0   0   0   0   0   0   0   0   0   0   0   0   0   0
  0   0   0   0   0   0   0   0   0   0   0   0   0   0   0   0   0   0   0   0   0   0   0   0   0   0   0   0
