  0   0   0   0   0   0   0   0   0   0   0   0   0   0   0   0   0   0   0   0   0   0   0   0   0   0   0   0
  0   0   0   0   0   0   0   0   0   0   0   0   0   0   0   0   0   0   0   0   0   0   0   0   0   0   0   0
  0   0   0   0   0   0   0   0   0   0   0   0   0   0   0   0   0   0   0   0   0   0   0   0   0   0   0   0
  0   0   0   0   0   0   0   0   0   0   0   0   0   0   0   0   0   0   0   0   0   0   0   0   0   0   0   0
  0   0   0   0   0   0   0   0   0   0   0   0   0   0   0 127 222 222 222 224 222  76   0   0   0   0   0   0
  0   0   0   0   0   0   0   0   0   0   0   0   0  11  50 194 233 233 232 222 220 207  72   0   0   0   0   0
  0   0   0   0   0   0   0   0   0   0   6  18  40 175 230 251 251 251 250 248 239 221 138   9   0   0   0   0
  0   0   0   0   0   0   0   0   1  19  28 113 180 251 252 251 251 251 251 252 251 238 221  62   0   0   0   0
  0   0   0   0   0   0   0   0  13  30  30 221 251 251 252 251 114 160 251 252 251 251 229  62   0   0   0   0
  0   0   0   0   0   0   0   7  30  94 185 252 253 252 236  98  30 127 252 254 253 252 238  63   0   0   0   0
  0   0   0   0   0   0   8  28  30 252 251 251 242 227  71  19  30 126 251 252 251 251 247  66   0   0   0   0
  0   0   0   0   0   8  33  62 176 252 250 236 206  75   0   4  16 125 251 252 251 251 251  77   0   0   0   0
  0   0   0   0   0  26  62 251 251 252 236 206  72   0   0   0   0 107 246 252 251 251 251  92   0   0   0   0
  0   0   0   0   0  26  63 251 251 249 225  75   0   0   0   0   0  95 235 253 251 251 251  92   0   0   0   0
  0   0   0   0  11  29 222 252 249 229  94   0   0   0   0   0   0  96 226 254 253 252 156  30   0   0   0   0
  0   0   0   0  52 157 237 251 237 185  40   0   0   0   0   0  18 167 227 252 251 232  84  30   0   0   0   0
  0   0   0   0 117 251 251 251 237  21   0   0   0   0   0  18 173 235 247 252 251 219  30  20   0   0   0   0
  0   0   0   0 253 251 251 251 169   0   0   0   0   0  96 174 233 248 251 253 251 151  18   0   0   0   0   0
  0   0   0   0 253 251 251 251  79   0   0   0  69 160 233 249 251 251 251 207  92  26   1   0   0   0   0   0
  0   0   0   0 254 252 252 252 249  76  76 222 244 246 254 252 253 252 207 144  18   1   0   0   0   0   0   0
  0   0   0   0 242 251 251 251 251 252 251 251 251 251 252 251 251 195  54  13   0   0   0   0   0   0   0   0
  0   0   0   0 199 247 251 251 251 253 251 251 251 251 243 219  83  36   4   0   0   0   0   0   0   0   0   0
  0   0   0   0  64 224 238 251 251 252 251 251 251 182 114  21   4   0   0   0   0   0   0   0   0   0   0   0
  0   0   0   0  18  62 200 229 229 236 246 223  88  28   2   0   0   0   0   0   0   0   0   0   0   0   0   0
  0   0   0   0   0   0   0   0   0   0   0   0   0   0   0   0   0   0   0   0   0   0   0   0   0   0   0   0
  0   0   0   0   0   0   0   0   0   0   0   0   0   0   0   0   0   0   0   0   0   0   0   0   0   0   0   0
  0   0   0   0   0   0   0   0   0   0   0   0   0   0   0   0   0   0   0   0   0   0   0   0   0   0   0   0
  0   0   0   0   0   0   0   0   0   0   0   0   0   0   0   0   0   0   0   0   0   0   0   0   0   0   0   0
