  0   0   0   0   0   0   0   0   0   0   0   0   0   0   0   0   0   0   0   0   0   0   0   0   0   0   0   0
  0   0   0   0   0   0   0   0   0   0   0   0   0   0   0   0   0   0   0   0   0   0   0   0   0   0   0   0
  0   0   0   0   0   0   0   0   0   0   0   0   0   0   0   0   0   0   0   0   0   0   0   0   0   0   0   0
  0   0   0   0   0   0   0   0   0   0   0   0   0   0   0   0   0   0   0   0   0   0   0   0   0   0   0   0
  0   0   0   0   0   0   0   0   0  19  77  58   5   0   0   0   0  12 166 192 192 134   5   0   0   0   0   0
  0   0   0   0   0   0   0   2  59 204 217 217 181  10   7   7  19 168 214 214 214 206  12   0   0   0   0   0
  0   0   0   0   0   0   0  28 216 220 217 160 155  18  26  39 148 223 215 210 130  75  22   0   0   0   0   0
  0   0   0   0   0   0   0  91 220 217 116  33  33  38  38 122 253 247 219 154  29  30  30   1   0   0   0   0
  0   0   0   0   0   0  50 205 227 170  38  37  30  32  74 208 253 253 228  95  30  30  16   0   0   0   0   0
  0   0   0   0   0   7 177 227 232  66  38  36  29  16 143 238 252 253 109  30  30  20   1   0   0   0   0   0
  0   0   0   0   0  14 216 241 195  38  28  10   5  64 215 233 252 174  38  30  15   0   0   0   0   0   0   0
  0   0   0   0   0  59 216 245 181  22   6   7   7 157 231 252 241  58  28  10   0   0   0   0   0   0   0   0
  0   0   0   0   0  14 216 245 242 150  29   2  86 221 250 253 166  32   2   0   0   0   0   0   0   0   0   0
  0   0   0   0   0   0  94 233 245 244 232 148 189 245 253 248  70   2   0   0   0   0   0   0   0   0   0   0
  0   0   0   0   0   0   0  34 126 227 242 244 244 253 254 253 203 149 112  14   0   0   0   0   0   0   0   0
  0   0   0   0   0   0   0   0   6  22  65 181 249 253 253 238 234 227 214 182  73   0   0   0   0   0   0   0
  0   0   0   0   0   0   0   0   0   5  24 187 251 253 191  36 108 225 228 214 202  28   0   0   0   0   0   0
  0   0   0   0   0   0   0   0   0   0  56 251 253 253 162  31  37 104 246 217 214 158   0   0   0   0   0   0
  0   0   0   0   0   0   0   0   0   0  67 253 253 236  64   4  19  48 226 222 214 158   0   0   0   0   0   0
  0   0   0   0   0   0   0   0   0   0  89 253 251 223   0   0   9 124 253 224 214 101   0   0   0   0   0   0
  0   0   0   0   0   0   0   0   0   4 153 253 247 215   0   0  53 222 253 224 149  18   0   0   0   0   0   0
  0   0   0   0   0   0   0   0   0   9 138 253 236 218  79 103 240 253 247 192  27   0   0   0   0   0   0   0
  0   0   0   0   0   0   0   0   0   7  52 220 248 225 237 252 253 252 141  18   0   0   0   0   0   0   0   0
  0   0   0   0   0   0   0   0   0   0  29  59 176 227 253 225 183  81   2   0   0   0   0   0   0   0   0   0
  0   0   0   0   0   0   0   0   0   0   9  33  38  38  37  33  17   0   0   0   0   0   0   0   0   0   0   0
  0   0   0   0   0   0   0   0   0   0   2  22  30  30  28  13   0   0   0   0   0   0   0   0   0   0   0   0
  0   0   0   0   0   0   0   0   0   0   0   0   0   0   0   0   0   0   0   0   0   0   0   0   0   0   0   0
  0   0   0   0   0   0   0   0   0   0   0   0   0   0   0   0   0   0   0   0   0   0   0   0   0   0   0   0
