  0   0   0   0   0   0   0   0   0   0   0   0   0   0   0   0   0   0   0   0   0   0   0   0   0   0   0   0
  0   0   0   0   0   0   0   0   0   0   0   0   0   0   0   0   0   0   0   0   0   0   0   0   0   0   0   0
  0   0   0   0   0   0   0   0   0   0   0   0   0   0   0   0   0   0   0   0   0   0   0   0   0   0   0   0
  0   0   0   0   0   0   0   0   0   0   0   0   0   0   0   0   0   0   0   0   0   0   0   0   0   0   0   0
  0   0   0   0   0   0   0   0   0   0   0   0   0   0   0   0   0   0   0   0   0   0   0   0   0   0   0   0
  0   0   0   0   0   0   0   0   0   0   0   3  29  13   0   0   0   0   0   2  11   0   0   0   0   0   0   0
  0   0   0   0   0   0   0   0   0   0   0  19  45  33  19  19  19  14   4   6  28  10   0   0   0   0   0   0
  0   0   0   0   0   0   3  11  17  27  38  65  78  69 102 164 177 132  85  26  29  10   0   0   0   0   0   0
  0   0   0   0   0  10  36  45  47  63  86 104 176 202 196 199 195 194 195 149 126  10   0   0   0   0   0   0
  0   0   0   0   0  35  60  61  68  72 110 223 239 214 188 184 209 215 220 223 211 105   0   0   0   0   0   0
  0   0   0   0   0  31  53  42  27  39 176 190 175 139  33  27 152 219 226 223 215 105   0   0   0   0   0   0
  0   0   0   0   0  17   8  15  32 159 191 177 114   0   0  98 146 202 226 223 213  29   0   0   0   0   0   0
  0   0   0   0   0   0   0  15 109 192 190 148  10  11 104 145 168 219 230 223 133   1   0   0   0   0   0   0
  0   0   0   0   0   0   0  17 158 192 157  57  64 157 163 170 212 243 228 196  40   0   0   0   0   0   0   0
  0   0   0   0   0   0   0  56 184 192 180 186 199 205 209 195 234 252 245 112  54  19  19  14   9   0   0   0
  0   0   0   0   0   0  10  52 173 201 213 219 210 159  89 181 252 253 160  79  44  29  23  17  17   0   0   0
  0   0   0   0   0   0   0  27 124 144 145 110  63  43 111 224 243 201  81  29   5   0   0   0   0   0   0   0
  0   0   0   0   0   0   0  16  32  28  15   7   0   6 147 239 229 125  51  10   0   0   0   0   0   0   0   0
  0   0   0   0   0   0   0   6   2   1   0   0   0  56 196 249 183  69  32   0   0   0   0   0   0   0   0   0
  0   0   0   0   0   0   0   0   0   0   0   0   0 142 223 253 134  48  11   0   0   0   0   0   0   0   0   0
  0   0   0   0   0   0   0   0   0   0   0   0   9 185 245 201  67  35   6   0   0   0   0   0   0   0   0   0
  0   0   0   0   0   0   0   0   0   0   0   7  98 198 249 137  43  21   5   0   0   0   0   0   0   0   0   0
  0   0   0   0   0   0   0   0   0   0  12  41 158 207 227  79  55  37   3   0   0   0   0   0   0   0   0   0
  0   0   0   0   0   2   0   0   0   7  29  71 176 216 121  55  48  29   2   0   0   0   0   0   0   0   0   0
  0   0   0   0   1   8   0   0  18  30  30 117 173 180  75  33  27   3   0   0   0   0   0   0   0   0   0   0
  0   0   0   0   0   0   0   3  30  30  30 116 153 145  29  13  18   4   0   0   0   0   0   0   0   0   0   0
  0   0   0   0   0   0   0   0  12  27  24  49 143 132  17   0   0   0   0   0   0   0   0   0   0   0   0   0
  0   0   0   0   0   0   0   0   0   0   0   0   0   0   0   0   0   0   0   0   0   0   0   0   0   0   0   0
