  0   0   0   0   0   0   0   0   0   0   0   0   0   0   0   0   0   0   0   0   0   0   0   0   0   0   0   0
  0   0   0   0   0   0   0   0   0   0   0   0   0   0   0   0   0   0   0   0   0   0   0   0   0   0   0   0
  0   0   0   0   0   0   0   0   0   0   0   0   0   0   0   0   0   0   0   0   0   0   0   0   0   0   0   0
  0   0   0   0   0   0   0   0   0   0   0   0   0   0   0   0   0   0   0   0   0   0   0   0   0   0   0   0
  0   0   0   0   0   0   0   0   0   0   0   0   0   0   0   0   0   1  10  15  47 106 175 207 146   0   0   0
  0   0   0   0   0   0   0   0   0   0   0   0  18  59  59 172 207 214 215 207 211 222 214 206 206   0   0   0
  0   0   0   0   0   0   0   0   0   0   0   5  51 205 230 253 253 253 249 230 223 221 221 170  84   0   0   0
  0   0   0   0   0   0   0   0   0   0   2  49 209 248 253 253 252 219 214 212 203 184  99  22   0   0   0   0
  0   0   0   0   0   0   0   0   0   0  27 157 251 243 193 106 100  59  66  74  55  31  14   0   0   0   0   0
  0   0   0   0   0   0   0   0   0   0 112 253 252 114  32  30  30  35  45  46  46  45   4   0   0   0   0   0
  0   0   0   0   0   0   0   0   0   2 163 253 248 106  30  29  38  44  45  46  43  32   0   0   0   0   0   0
  0   0   0   0   0   0   0   0   0  20 169 253 253  65  36  30  17  16  36  40  31  23   0   0   0   0   0   0
  0   0   0   0   0   0   0   0   0  17 159 251 253 234 231 231 204 201 210 170  40   8   0   0   0   0   0   0
  0   0   0   0   0   0   0   0  10  28 153 243 253 252 249 235 222 224 235 236  88   8   0   0   0   0   0   0
  0   0   0   0   0   0   0   1  30  30 134 228 253 241 222 192 185 223 236 236 169   8   0   0   0   0   0   0
  0   0   0   0   0   0   0   1  30  34  45  84 168  90  81  20  17 173 241 236 160   3   0   0   0   0   0   0
  0   0   0   0   0   0   0   1  34  45  46  45  24   3   0   0  33 253 247 236  90   0   0   0   0   0   0   0
  0   0   0   0   0   0   0   3  43  46  46  32   1   0   0   7  52 253 251 231  27   0   0   0   0   0   0   0
  0   0   0   0   0   0   1  15  65 131  74  22   0   0   7  43 191 253 212  87   1   0   0   0   0   0   0   0
  0   0   0   0   0  83 186 196 231 246 214  88   1   4  33 186 249 253 149   2   0   0   0   0   0   0   0   0
  0   0   0   0   0 122 215 190 124 173  74  95  65 120 210 248 253 251 104   1   0   0   0   0   0   0   0   0
  0   0   0   0   0 189 214 223 206 190 187 215 245 251 253 253 230 135   3   0   0   0   0   0   0   0   0   0
  0   0   0   0   0  88 195 219 248 253 253 253 253 247 235 152  53   0   0   0   0   0   0   0   0   0   0   0
  0   0   0   0   0   0  36  95 135 246 251 251 138 100  31  16   1   0   0   0   0   0   0   0   0   0   0   0
  0   0   0   0   0   0   0   0   0   4  26  30  30  11   4   0   0   0   0   0   0   0   0   0   0   0   0   0
  0   0   0   0   0   0   0   0   0   0   0   0   0   0   0   0   0   0   0   0   0   0   0   0   0   0   0   0
  0   0   0   0   0   0   0   0   0   0   0   0   0   0   0   0   0   0   0   0   0   0   0   0   0   0   0   0
  0   0   0   0   0   0   0   0   0   0   0   0   0   0   0   0   0   0   0   0   0   0   0   0   0   0   0   0
