  0   0   0   0   0   0   0   0   0   0   0   0   0   0   0   0   0   0   0   0   0   0   0   0   0   0   0   0
  0   0   0   0   0   0   0   0   0   0   0   0   0   0   0   0   0   0   0   0   0   0   0   0   0   0   0   0
  0   0   0   0   0   0   0   0   0   0   0   0   0  20  25  12   0   0   0   0   0   0   0   0   0   0   0   0
  0   0   0   0   0   0   0   0 141 198 197 201 212 121  66  29  30  28   6   0   0   0   0   0   0   0   0   0
  0   0   0   0   0   0   0  49 172 197 199 218 220 220 208 162  46  30  23   0   0   0   0   0   0   0   0   0
  0   0   0   0   0   0   0  72 187 197 210 220 220 238 249 231 202 199  78 170 169  43   0   0   0   0   0   0
  0   0   0   0   0   0   0   0 140 197 217 222 232 250 234 226 225 218 199 197 195 179  48   0   0   0   0   0
  0   0   0   0   0   0   0   0  39 210 222 235 251 233 228 226 216 195 195 197 195 195 171  39   0   0   0   0
  0   0   0   0   0   0   0   0  13  24  45  55  52  33  26  13   0  61 140 141 140 148 197  56   0   0   0   0
  0   0   0   0   0   0   0   9  24  27  50  55  47  30  11   0   0   0   0   0   0  28 195 135   0   0   0   0
  0   0   0   0   0   0   0   2  23  38  52  37  34  13   0   0   0   0   0   0   0  28 195 195   0   0   0   0
  0   0   0   0   0   0   0  11  29  54  46  30  30   2   0   1  15  19  19  11  14 109 204 195   0   0   0   0
  0   0   0   0   0   0   0  23  38  55  43  30  19   1  29  49  54  54  54  54  43 197 206 195   0   0   0   0
  0   0   0   0   0   0   8  27  50  97  33  30  32  48  55  55  55  55  55  72 192 243 217 197   0   0   0   0
  0   0   0   0  32  48 109 143 167 221 143 148 162  87  55  55  55  55  55 192 251 251 224 197   0   0   0   0
  0   0   0   0 177 180 212 239 251 249 231 243 251 231 185  84  82  81 182 249 251 251 234 187   0   0   0   0
  0   0   0   0 197 195 213 245 251 252 251 251 251 251 240 231 226 224 225 230 251 251 202  36   0   0   0   0
  0   0   0   0 197 195 200 239 251 252 251 251 251 241 222 220 220 225 231 246 251 231  63   0   0   0   0   0
  0   0   0   0 198 197 197 231 252 254 252 252 252 249 240 238 245 250 252 254 252 221   8   0   0   0   0   0
  0   0   0   0 197 195 195 209 241 252 251 251 251 251 252 251 251 251 251 250 236 189   0   0   0   0   0   0
  0   0   0   0  67 167 191 196 217 232 249 251 251 251 224 223 223 234 242 231 213 170   0   0   0   0   0   0
  0   0   0   0   0   0 107 159 115 131 145 157 155 156  55  45  42  88 202 214 196 167   0   0   0   0   0   0
  0   0   0   0   0   0   8  31   0   0   1   6  15  29  30  30  30  21  52  56  55  47   0   0   0   0   0   0
  0   0   0   0   0   0   0   0   0   0   0   0   0   0   0   0   0   0   0   0   0   0   0   0   0   0   0   0
  0   0   0   0   0   0   0   0   0   0   0   0   0   0   0   0   0   0   0   0   0   0   0   0   0   0   0   0
  0   0   0   0   0   0   0   0   0   0   0   0   0   0   0   0   0   0   0   0   0   0   0   0   0   0   0   0
  0   0   0   0   0   0   0   0   0   0   0   0   0   0   0   0   0   0   0   0   0   0   0   0   0   0   0   0
  0   0   0   0   0   0   0   0   0   0   0   0   0   0   0   0   0   0   0   0   0   0   0   0   0   0   0   0
