  0   0   0   0   0   0   0   0   0   0   0   0   0   0   0   0   0   0   0   0   0   0   0   0   0   0   0   0
  0   0   0   0   0   0   0   0   0   0   0   0   0   0   0   0   0   0   0   0   0   0   0   0   0   0   0   0
  0   0   0   0   0   0   0   0   0   0   0   0   0   0   0   0   0   0   0   0   0   0   0   0   0   0   0   0
  0   0   0   0   0   0   0   0   0   0   0   0   0   0   0   0   0   0   0   0   0   0   0   0   0   0   0   0
  0   0   0   0   0   0   0   0   0   0   0   0   0   0   0   0   0   0   0   0   0   0   0   0   0   0   0   0
  0   0   0   0   0   0   0   0   0   0   0   0   0   0   0   0   0   0   0   0   0   0   0   0   0   0   0   0
  0   0   0   0   0   0   0   0   0   0   0  27 204 250 254 242 235 162  51   4   0   0   0   0   0   0   0   0
  0   0   0   0   0   0   0   0   0   0 102 209 252 253 253 253 247 222 222  76   0   0   0   0   0   0   0   0
  0   0   0   0   0   0   0   0  32 174 252 253 253 238 116 165 249 228 237 206  60  12   0   0   0   0   0   0
  0   0   0   0   0   0   0  40 208 253 253 253 185  56   1  47  94 251 253 253 234  36   0   0   0   0   0   0
  0   0   0   0   0   0   5 191 253 253 249 175  18   0   0  22  41 253 253 253 253  44   0   0   0   0   0   0
  0   0   0   0   0   0  27 212 253 253 228  48   0   0   0  22  41 253 253 253 253  44   0   0   0   0   0   0
  0   0   0   0   0   0  29 212 253 253 206   2   0   0   6  29  43 253 253 253 217  24   0   0   0   0   0   0
  0   0   0   0   0   0  29 212 253 253 243 162 124 124 136 155 205 253 253 246 107   0   0   0   0   0   0   0
  0   0   0   0   0   0  24 135 231 253 253 247 246 246 251 253 253 253 253 188   0   0   0   0   0   0   0   0
  0   0   0   0   0   0   3  24  58 148 201 233 253 253 253 253 253 253 237 143   0   0   0   0   0   0   0   0
  0   0   0   0   0   0   0   9  23  26  30  63  82  82  82 189 253 253 233  61   0   0   0   0   0   0   0   0
  0   0   0   0   0   0   0   0   0   3   8   8   8  14  30 233 253 249 225  61   0   0   0   0   0   0   0   0
  0   0   0   0   0   0   0   0   0   0   0   0   0   7  30 233 253 248 184   6   0   0   0   0   0   0   0   0
  0   0   0   0   0   0   0   0   0   0   0   0   0   7 117 253 253 248  79   0   0   0   0   0   0   0   0   0
  0   0   0   0   0   0   0   0   0   0   0   0   0   7 217 253 253 238  77   0   0   0   0   0   0   0   0   0
  0   0   0   0   0   0   0   0   0   0   0   0   0  17 217 253 252 227  63   0   0   0   0   0   0   0   0   0
  0   0   0   0   0   0   0   0   0   0   0   0   0  73 243 253 247 196   0   0   0   0   0   0   0   0   0   0
  0   0   0   0  10  23   0   0   0   0   0   0   8 180 253 253 243  84   0   0   0   0   0   0   0   0   0   0
  0   0   0   0  19  92   0   0   0   0   0   0   8  85 238 253 241  36   0   0   0   0   0   0   0   0   0   0
  0   0   0   0   0   0   0   0   0   0   0   0   0  15  42 186 234  50   0   0   0   0   0   0   0   0   0   0
  0   0   0   0   0   0   0   0   0   0   0   0   0   0   0   0   0   0   0   0   0   0   0   0   0   0   0   0
  0   0   0   0   0   0   0   0   0   0   0   0   0   0   0   0   0   0   0   0   0   0   0   0   0   0   0   0
