  0   0   0   0   0   0   0   0   0   0   0   0   0   0   0   0   0   0   0   0   0   0   0   0   0   0   0   0
  0   0   0   0   0   0   0   0   0   0   0   0   0   0   0   0   0   0   0   0   0   0   0   0   0   0   0   0
  0   0   0   0   0   0   0   0   0   0   0   0   0   0   0   0   0   0   0   0   0   0   0   0   0   0   0   0
  0   0   0   0   0   0   0   0   0   0   0   0   0   0   0   0   0   0   0   0   0   0   0   0   0   0   0   0
  0   0   0   0   0   0   0   0   0   0   0   0   0   0   0   0   0   0   0   0   0   0   0   0   0   0   0   0
  0   0   0   0   0   0   0   0   0   0   0   0   0   0   0   0   9  17  26  25   0   0   0   0   0   0   0   0
  0   0   0   0   0   0   0   0   0   0   0   0   0   0  21  52 161 254 254 249 166   0   0   0   0   0   0   0
  0   0   0   0   0   0   0   0   0   0   0  13  66 113 200 253 252 244 224 223 165   0   0   0   0   0   0   0
  0   0   0   0   0   0   0   0   0   0  47 164 222 222 234 249 240 194 222 222 123   0   0   0   0   0   0   0
  0   0   0   0   0   0   0   0   0   0  42  89  89  92 117  49  25 122 222 192  29   0   0   0   0   0   0   0
  0   0   0   0   0   0   0   0   0   0   0   0   0   7  30  30  57 222 222 104   0   0   0   0   0   0   0   0
  0   0   0   0   0   0   0   0   0   0   0   0   0   7  30  26 119 222 178  14   0   0   0   0   0   0   0   0
  0   0   0   0   0   0   0   0   0   0   0   0   0  20  30  75 218 222  42   0   0   0   0   0   0   0   0   0
  0   0   0   0   0   0   0   0   0   0   0   0  11  30  47 179 222 204  28   0   0   0   0   0   0   0   0   0
  0   0   0   0   0   0   0   0   0   0   0   0  20  30 125 222 221  79   0   0   0   0   0   0   0   0   0   0
  0   0   0   0   0   0   0   0   0   0   0   1  28  34 183 222 183   0   0   0   0   0   0   0   0   0   0   0
  0   0   0   0   0   0   0   0   0   0   0  10  30 154 235 222  33   0   0   0   0   0   0   0   0   0   0   0
  0   0   0   0   0   0   0   0   0   0   0  10  77 240 224 138   0   0   0   0   0   0   0   0   0   0   0   0
  0   0   0   0   0   0   0   0   0   0   0  47 236 245 168  15   0   0   0   0   0   0   0   0   0   0   0   0
  0   0   0   0   0   0   0   0   0   0   4 175 252 234  50   0   0   0   0   0   0   0   0   0   0   0   0   0
  0   0   0   0   0   0   0   0   0   0 109 253 251  71   0   0   0   0   0   0   0   0   0   0   0   0   0   0
  0   0   0   0   0   0   0   0   0   0 191 252 221  14   0   0   0   0   0   0   0   0   0   0   0   0   0   0
  0   0   0   0   0   0   0   0   0  98 249 252 123   0   0   0   0   0   0   0   0   0   0   0   0   0   0   0
  0   0   0   0   0   0   0   0   0 157 253 250  53   0   0   0   0   0   0   0   0   0   0   0   0   0   0   0
  0   0   0   0   0   0   0   0   0  74 253 237  51   0   0   0   0   0   0   0   0   0   0   0   0   0   0   0
  0   0   0   0   0   0   0   0   0  41 209 109   7   0   0   0   0   0   0   0   0   0   0   0   0   0   0   0
  0   0   0   0   0   0   0   0   0   0   0   0   0   0   0   0   0   0   0   0   0   0   0   0   0   0   0   0
  0   0   0   0   0   0   0   0   0   0   0   0   0   0   0   0   0   0   0   0   0   0   0   0   0   0   0   0
