  0   0   0   0   0   0   0   0   0   0   0   0   0   0   0   0   0   0   0   0   0   0   0   0   0   0   0   0
  0   0   0   0   0   0   0   0   0   0   0   0   0   0   0   0   0   0   0   0   0   0   0   0   0   0   0   0
  0   0   0   0   0   0   0   0   0   0   0   0   0   0   0   0   0   0   0   0   0   0   0   0   0   0   0   0
  0   0   0   0   0   0   0   0   0   0   0   0   0   0   0   0   0   0   0   0   0   0   0   0   0   0   0   0
  0   0   0   0   0   0   0   0   0   0   0   0   0  23  23   0   0   0   0   0   0   0   0   0   0   0   0   0
  0   0   0   0   0   0   0   0   0  11  85 121 204 245 250 211 121 121  20   0   0   0   0   0   0   0   0   0
  0   0   0   0   0   0   0   0   0 186 221 221 221 244 253 247 227 221 185  19   0   0   0   0   0   0   0   0
  0   0   0   0   0   0   0   0   0 222 221 221 221 244 253 251 250 223 221 101   0   0   0   0   0   0   0   0
  0   0   0   0   0   0   0   0   0 148 206 140  58  63  71 103 251 223 221 184   0   0   0   0   0   0   0   0
  0   0   0   0   0   0   0   0   0   2  15   0   0   8  30  71 251 223 221 156   0   0   0   0   0   0   0   0
  0   0   0   0   0   0   0   0   0   0   0   0   0   0  42 134 252 224 222  93   0   0   0   0   0   0   0   0
  0   0   0   0   0   0   0   0   0   0   0   0   0   0 170 251 251 223 156   0   0   0   0   0   0   0   0   0
  0   0   0   0   0   0   0   0   0   0   0   0   0 101 253 251 251 201  42   0   0   0   0   0   0   0   0   0
  0   0   0   0   0   0   0   0   0   0   0  87 181 218 253 251 251 126   7   0   0   0   0   0   0   0   0   0
  0   0   0   0   0   0   0   0   0   0  19 188 221 245 253 252 252 223 157   0   0   0   0   0   0   0   0   0
  0   0   0   0   0   0   0   0   0   0   0 108 230 230 245 252 252 224 222 157   0   0   0   0   0   0   0   0
  0   0   0   0   0   0   0   0   0   0   0  21  97  37  74 129 222 223 221 215  51   0   0   0   0   0   0   0
  0   0   0   0   0   0   0   0   0   0   0   0  16  30  30  30  55 211 221 222  80   0   0   0   0   0   0   0
  0   0   0   0   0   0   0   0   0   0   0   0  16  30  30  24  28 196 221 222  80   0   0   0   0   0   0   0
  0   0   0   0   0   0   0   0   0   0   0   0  16  30  30  35 180 221 221 213  43   0   0   0   0   0   0   0
  0   0   0   0   0   0   0 100 167  56   0   9  28  40 155 224 222 222 222 138   0   0   0   0   0   0   0   0
  0   0   0   0   0   0   0 181 221 123  43  71  71 200 245 221 221 221 138   0   0   0   0   0   0   0   0   0
  0   0   0   0   0   0   0 181 221 222 223 251 251 251 233 221 221 134   5   0   0   0   0   0   0   0   0   0
  0   0   0   0   0   0   0  99 221 222 222 235 251 251 215 122  39   7   0   0   0   0   0   0   0   0   0   0
  0   0   0   0   0   0   0   7 112 222 156 166 120 120  18   0   0   0   0   0   0   0   0   0   0   0   0   0
  0   0   0   0   0   0   0   0   0   0   0   0   0   0   0   0   0   0   0   0   0   0   0   0   0   0   0   0
  0   0   0   0   0   0   0   0   0   0   0   0   0   0   0   0   0   0   0   0   0   0   0   0   0   0   0   0
  0   0   0   0   0   0   0   0   0   0   0   0   0   0   0   0   0   0   0   0   0   0   0   0   0   0   0   0
