  0   0   0   0   0   0   0   0   0   0   0   0   0   0   0   0   0   0   0   0   0   0   0   0   0   0   0   0
  0   0   0   0   0   0   0   0   0   0   0   0   0   0   0   0   0   0   0   0   0   0   0   0   0   0   0   0
  0   0   0   0   0   0   0   0   0   0   0   0   0   0   0   0   0   0   0   0   0   0   0   0   0   0   0   0
  0   0   0   0   0   0   0   0   0   0   0   0   0   0   0   0   0   0   0   0   0   0   0   0   0   0   0   0
  0   0   0   0   0   0   0   0   0   0   0   0   0   0  21  30  17  12   0   0   0   0   0   0   0   0   0   0
  0   0   0   0   0   0   0   0   0   0   0   0  57  95 130 179 229 179  17   0   0   0   0   0   0   0   0   0
  0   0   0   0   0   0   0   0   0   0   0 133 252 254 254 254 254 254 204  89   0   0   0   0   0   0   0   0
  0   0   0   0   0   0   0   0   0  25 175 248 254 254 254 254 251 251 254 250  29   0   0   0   0   0   0   0
  0   0   0   0   0   0   0   0   0 157 245 254 254 154 106 154 230 227 254 254 120   0   0   0   0   0   0   0
  0   0   0   0   0   0   0   0   0 187 254 254 180  56  56  30  56 200 248 255 229   6   0   0   0   0   0   0
  0   0   0   0   0   0   0   0 198 252 254 254 106  30  25   5   0 123 235 254 254  56   0   0   0   0   0   0
  0   0   0   0   0   0   0 126 247 254 254 204  29  14   3   0   0  25 198 251 254 220   2   0   0   0   0   0
  0   0   0   0   0   0   6 170 254 254 254  99   8   0   0   0   0   0  25 237 254 154  21   0   0   0   0   0
  0   0   0   0   0   0  23 204 254 254 229   6   0   0   0   0   0   0   0 212 254 130  26   0   0   0   0   0
  0   0   0   0   0   4  76 254 254 255  88   0   0   0   0   0   0   0   0 212 254 130  27   0   0   0   0   0
  0   0   0   0   0  15 154 254 254 242  25   0   0   0   0   0   0   0   0 243 254 106  26   0   0   0   0   0
  0   0   0   0   0  27 204 254 250 153   0   0   0   0   0   0   0   0  79 254 254 106  26   0   0   0   0   0
  0   0   0   0   0  52 254 254 236  75   0   0   0   0   0   0   0   2 175 254 254  80  15   0   0   0   0   0
  0   0   0   0   0  27 229 251 224  75   0   0   0   0   0   0   3  18 229 254 179  26   4   0   0   0   0   0
  0   0   0   0   0  19  56 225 224 149   0   0   0   0   0   4  26 130 254 255 126   3   0   0   0   0   0   0
  0   0   0   0   0  10  30 177 228 224  25   0   1  10  17  28  30 204 254 250  54   0   0   0   0   0   0   0
  0   0   0   0   0   2  25 154 250 248 124  23  24  30  30  30 154 254 250 153   0   0   0   0   0   0   0   0
  0   0   0   0   0   0  11  29 229 254 254  55  30  30  30 106 251 239 228  50   0   0   0   0   0   0   0   0
  0   0   0   0   0   0   0  10 154 254 254 179  55 106 180 239 227 224  75   0   0   0   0   0   0   0   0   0
  0   0   0   0   0   0   0   0  25 198 224 224 224 224 224 224 224  75   0   0   0   0   0   0   0   0   0   0
  0   0   0   0   0   0   0   0   0   0   0   0   0   0   0   0   0   0   0   0   0   0   0   0   0   0   0   0
  0   0   0   0   0   0   0   0   0   0   0   0   0   0   0   0   0   0   0   0   0   0   0   0   0   0   0   0
  0   0   0   0   0   0   0   0   0   0   0   0   0   0   0   0   0   0   0   0   0   0   0   0   0   0   0   0
