  0   0   0   0   0   0   0   0   0   0   0   0   0   0   0   0   0   0   0   0   0   0   0   0   0   0   0   0
  0   0   0   0   0   0   0   0   0   0   0   0   0   0   0   0   0   0   0   0   0   0   0   0   0   0   0   0
  0   0   0   0   0   0   0   0   0   0   0   0   0   0   0   0   0   0   0   0   0   0   0   0   0   0   0   0
  0   0   0   0   0   0   0   0   0   0   0   0   0   0   0   0   0   0   0   0   0   0   0   0   0   0   0   0
  0   0   0   0   0   0   0   0   0   0   0   1  27 193 220  53   0   0   0   0   0   0   0   0   0   0   0   0
  0   0   0   0   0   0   0   0   0   0   0  98 223 221  57   1   0   0   0   0   0   0   0   0   0   0   0   0
  0   0   0   0   0   0   0   0   0   0   2 153 221 117  17  30  22 110 125  86  16   1   0   0   0   0   0   0
  0   0   0   0   0   0   0   0   0  16 146 229 132  30  30  30  62 230 242 231 226  94  12   0   0   0   0   0
  0   0   0   0   0   0   0   0   4 114 246 148  30  30  30  30  30 100 117 157 248 239 191   6   0   0   0   0
  0   0   0   0   0   0   0   9 115 253 253 106  30  30  30  30  26  23  28  30 144 251 253  96   0   0   0   0
  0   0   0   0   0   0  17  33 178 253 232  56  30  30  30  21   3   0   4  17  28 160 253 218  16   0   0   0
  0   0   0   0   0  25  33 142 253 248 130  30  16   5   5   0   0   0   0   0   8 104 251 253  33   0   0   0
  0   0   0   0   0  30  33 243 253 202  30  20   2   0   0   0   0   0   0   0   0  33 242 253  35   0   0   0
  0   0   0   0   0   2  28 252 253 117  22   0   0   0   0   0   0   0   0   0   0  95 249 253  35   0   0   0
  0   0   0   0   0   8 124 253 237  41   4   0   0   0   0   0   0   0   0   0   0 131 253 174  25   0   0   0
  0   0   0   0   0  35 231 253 145   8   0   0   0   0   0   0   0   0   0   0 106 246 253  64  15   0   0   0
  0   0   0   0   0 125 253 249  78   0   0   0   0   0   0   0   0   0   0 102 236 253 140  25   0   0   0   0
  0   0   0   0   0 145 253 233   0   0   0   0   0   0   0   0   0  62 115 235 253 176  33   8   0   0   0   0
  0   0   0   0   0 145 253 234   1   0   0   0   0   0   0  22 114 221 245 223  75  49  12   0   0   0   0   0
  0   0   0   0   0 135 253 237  21   2   0   0   0  20  87 178 235 246 186  47  28  18   1   0   0   0   0   0
  0   0   0   0   0  74 250 252 114  25  23  74 123 223 246 246 223  72  44  28  15   0   0   0   0   0   0   0
  0   0   0   0   0   3 190 249 244 171 199 249 253 253 253 149  41  30  28   8   0   0   0   0   0   0   0   0
  0   0   0   0   0   0  16 228 244 253 253 253 233 126  41  33  23  16   3   0   0   0   0   0   0   0   0   0
  0   0   0   0   0   0   0  13 114 117 144  96  21  17  17   2   1   0   0   0   0   0   0   0   0   0   0   0
  0   0   0   0   0   0   0   0   0   0   0   0   0   0   0   0   0   0   0   0   0   0   0   0   0   0   0   0
  0   0   0   0   0   0   0   0   0   0   0   0   0   0   0   0   0   0   0   0   0   0   0   0   0   0   0   0
  0   0   0   0   0   0   0   0   0   0   0   0   0   0   0   0   0   0   0   0   0   0   0   0   0   0   0   0
  0   0   0   0   0   0   0   0   0   0   0   0   0   0   0   0   0   0   0   0   0   0   0   0   0   0   0   0
