  0   0   0   0   0   0   0   0   0   0   0   0   0   0   0   0   0   0   0   0   0   0   0   0   0   0   0   0
  0   0   0   0   0   0   0   0   0   0   0   0   0   0   0   0   0   0   0   0   0   0   0   0   0   0   0   0
  0   0   0   0   0   0   0   0   0   0   0   0   0   0   0   0   0   0   0   0   0   0   0   0   0   0   0   0
  0   0   0   0   0   0   0   0   0   0   0   0   0   0   0   0   0   0   0   0   0   0   0   0   0   0   0   0
  0   0   0   0   0   0   0   0   0   0   0   0   0   0   0   0   0   0   0   0   0   0   0   0   0   0   0   0
  0   0   0   0   0   4  94 204 222 224 227 253 253 160  93  18  18  23  23   2   0   0   0   0   0   0   0   0
  0   0   0   0   0 105 221 221 184 181 205 223 252 252 246 153  42  30  30  16   0   0   0   0   0   0   0   0
  0   0   0   0   0 103 160  78   5   0  25  44  81 173 218 252 164  30  30  11   0   0   0   0   0   0   0   0
  0   0   0   0   0   0   0   0   0   6  30  14   0   0 158 224 175   4  14   0   0   0   0   0   0   0   0   0
  0   0   0   0   0   0   0   0   0  16  30   9  37 147 222 221  69   0   0   0   0   0   0   0   0   0   0   0
  0   0   0   0   0   0   0   0   0  26  43 143 241 241 219  87   0   0   0   0   0   0   0   0   0   0   0   0
  0   0   0   0   0   0   0   0  20 173 223 252 252 206  86  27  10   0   0   0   0   0   0   0   0   0   0   0
  0   0   0   0   0   0   0   0 113 253 252 252 252 252 220 128  92  13   0   0   0   0   0   0   0   0   0   0
  0   0   0   0   0   0   0   0  34 172 171 167 166 244 253 252 252 172  45   0   0   0   0   0   0   0   0   0
  0   0   0   0   0   0   0   0   7  28   8   2   0  23  82 156 252 252 224  93   0   0   0   0   0   0   0   0
  0   0   0   0   0   0   0   0   0   0   0   0   0   0   0   7  58 168 230 224 139   6   0   0   0   0   0   0
  0   0   0   0   0   0   0   0   0   0   0   0   0   0   0   0  11  30 112 223 221  79   0   0   0   0   0   0
  0   0   0   0   0   0   0   0   0   0   0   0   0   0   0   0   0  28  30 132 221 205  29   0   0   0   0   0
  0   0   0   0   0   0   0   0   0   0   0   0   0   0   0   0   0  20  30  33 221 221 122   0   0   0   0   0
  0   0   0   0   0   0   0   0   0   0   0   0   0   0   0   0   0   4  30  33 221 221 140   0   0   0   0   0
  0   0   0   0   0   0   0   0   0   0   0   0   0   0   0   0   2  29  50  97 222 222 141   0   0   0   0   0
  0   0   0   0   0   0   0   0   0   0   2   2   8  14  11  48  96 172 244 228 221 210  69   0   0   0   0   0
  0   0   0   0   0   0   0   1   2  16  29  30  80 183 193 231 252 252 232 222 182  71   0   0   0   0   0   0
  0   0   0   0   0   0   0   4  28  30 101 212 245 252 253 252 252 244 222  86  14   0   0   0   0   0   0   0
  0   0   0   0   0   0   0   4  30  26 107 213 203  93  94 138  54  19  19   0   0   0   0   0   0   0   0   0
  0   0   0   0   0   0   0   0   0   0   0   0   0   0   0   0   0   0   0   0   0   0   0   0   0   0   0   0
  0   0   0   0   0   0   0   0   0   0   0   0   0   0   0   0   0   0   0   0   0   0   0   0   0   0   0   0
  0   0   0   0   0   0   0   0   0   0   0   0   0   0   0   0   0   0   0   0   0   0   0   0   0   0   0   0
