  0   0   0   0   0   0   0   0   0   0   0   0   0   0   0   0   0   0   0   0   0   0   0   0   0   0   0   0
  0   0   0   0   0   0   0   0   0   0   0   0   0   0   0   0   0   0   0   0   0   0   0   0   0   0   0   0
  0   0   0   0   0   0   0   0   0   0   0   0   0   0   0   0   0   0   0   0   0   0   0   0   0   0   0   0
  0   0   0   0   0   0   0   0   0   0   0   0   0   0   0   0   0   0   0   0   0   0   0   0   0   0   0   0
  0   0   0   0   0   0   0   0   0   0   0   0   0   0   0   0   0   0   0   0   0   0   0   0   0   0   0   0
  0   0   0   0   0   0   0   0   0   0   0   0   0   4  15  18  30  30  30  20  13   0   0   0   0   0   0   0
  0   0   0   0   0   0   0   0   0   0   0   5  19  30  49 129 164 164 164 164 235 253 234 205  26   0   0   0
  0   0   0   0   0   0   0   0   0   0   0  26  66 173 226 253 252 253 252 253 252 253 249 222  79   0   0   0
  0   0   0   0   0   0   0   0   0   0  11 182 253 250 236 199 180 163  91  84  19 182 250 196  17   0   0   0
  0   0   0   0   0   0   0   0   0   0  84 253 252 229  79  17   0   0   0   0 108 225 224 107   0   0   0   0
  0   0   0   0   0   0   0   0   0   0 144 250 199 166  17   0   0   0  18 152 222 196  71   0   0   0   0   0
  0   0   0   0   0   0   0   0   0   0 107 249 163   5   0   0   0  36 196 222 186  53   0   0   0   0   0   0
  0   0   0   0   0   0   0   0   0   0  72 237 247  74   0   9  88 197 231 170  25   0   0   0   0   0   0   0
  0   0   0   0   0   0   0   0   0   0   0 126 252 226 120 176 250 235 128  30  29  14   3   0   0   0   0   0
  0   0   0   0   0   0   0   0   0   0   0  11 138 253 253 253 235 138  30  30  30  30  26  22   0   0   0   0
  0   0   0   0   0   0   0   0   0   0   0  29 155 253 252 253 158  20  10  13   7   7   7   7   0   0   0   0
  0   0   0   0   0   0   0   0   0   0  24 211 253 253 217 244 224  18   0   0   0   0   0   0   0   0   0   0
  0   0   0   0   0   0   0   0   0  20 206 253 252 110  39 158 221  89   0   0   0   0   0   0   0   0   0   0
  0   0   0   0   0   0   0   0  38 203 253 209  84  28  30 140 222  89   0   0   0   0   0   0   0   0   0   0
  0   0   0   0   0   0   0  72 227 253 144  46  21  21  30 211 221  53   0   0   0   0   0   0   0   0   0   0
  0   0   0   0   0   0  18 223 245 138  30  17   0  34 182 230 115   0   0   0   0   0   0   0   0   0   0   0
  0   0   0   0   0  18 178 222 143  30  23   2   7 180 247  82   8   0   0   0   0   0   0   0   0   0   0   0
  0   0   0   0   0  63 222 214  55  30  25  67 200 253 101   0   0   0   0   0   0   0   0   0   0   0   0   0
  0   0   0   0   0  98 221 196  30 119 155 235 251 168  11   0   0   0   0   0   0   0   0   0   0   0   0   0
  0   0   0   0   0  44 222 224 222 230 251 191  65   0   0   0   0   0   0   0   0   0   0   0   0   0   0   0
  0   0   0   0   0  27 168 222 221 204  97   0   0   0   0   0   0   0   0   0   0   0   0   0   0   0   0   0
  0   0   0   0   0   0   0   0   0   0   0   0   0   0   0   0   0   0   0   0   0   0   0   0   0   0   0   0
  0   0   0   0   0   0   0   0   0   0   0   0   0   0   0   0   0   0   0   0   0   0   0   0   0   0   0   0
