  0   0   0   0   0   0   0   0   0   0   0   0   0   0   0   0   0   0   0   0   0   0   0   0   0   0   0   0
  0   0   0   0   0   0   0   0   0   0   0   0   0   0   0   1  25  30   6   0   0   0   0   0   0   0   0   0
  0   0   0   0   0   0   0   0   0   0  14 127 199 224 123   7  30  30   6   0   0   0   0   0   0   0   0   0
  0   0   0   0   0   0   0   0   0  11 167 221 150 125 193  54  30  22   0   0   0   0   0   0   0   0   0   0
  0   0   0   0   0   0   0   0  14 169 222  83   0   0   0  30  30   7   0   0   0   0   0   0   0   0   0   0
  0   0   0   0   0   0   0   0  12 199 218  20   0   1  20  30  15   0   0   0   0   0   0   0   0   0   0   0
  0   0   0   0   0   0   0   0  83 223 130   0   0  11  30  30   6   0   0   0   0   0   0   0   0   0   0   0
  0   0   0   0   0   0   0   1 153 222  69   0  12  30  30   9   0   0   0   0   0   0   0   0   0   0   0   0
  0   0   0   0   0   0   0   9 222 210  19   2  24  30  15   0   0   0   0   0   0   0   0   0   0   0   0   0
  0   0   0   0   0   0   0   9 222 156   2  25  30  19   0   0   0   0   0   0   0   0   0   0   0   0   0   0
  0   0   0   0   0   0   0  42 222 120  24  30  20   0   0   0   0   0   0   0   0   0   0   0   0   0   0   0
  0   0   0   0   0   0   0  97 222 122  30  24   2   0   0   0   0   0   0   0   0   0   0   0   0   0   0   0
  0   0   0   0   0   0   0  95 227  97  30   7   0   0   0   0   0   0   0   0   0   0   0   0   0   0   0   0
  0   0   0   0   0   0   0  11 243 203  15   0   0   0   0   0   0   0   0   6   6   0   0   0   0   0   0   0
  0   0   0   0   0   0   0  15 252 233   3   0   0   0   5  30 101 163 210 194 132 125  64   3   0   0   0   0
  0   0   0   0   0   0   0  17 201 234  19   0   0  23 176 226 243 253 253 249 249 253 253 136   2   0   0   0
  0   0   0   0   0   0   0  18 132 238  78   0   0  32 218 220  73  56  42  28  81 143 244 223   7   0   0   0
  0   0   0   0   0   0   0  30  47 222 205  15   0   0  98  58  30  12   0   6  23  30 216 222   7   0   0   0
  0   0   0   0   0   0   0  30  30  93 234 174  52  14  29  30  30  14  22  28  30  61 216 137   0   0   0   0
  0   0   0   0   0   0   0  15  30  30 129 246 234 137  30  30  30  30  28  44  95 206 168  14   0   0   0   0
  0   0   0   0   0   0   0   1   6  13  23  81 220 252 245 156 145 138 135 217 218 182  51   0   0   0   0   0
  0   0   0   0   0   0   0   0   0   0   0   0  16  96 134 152 222 222 148 134  87   0   0   0   0   0   0   0
  0   0   0   0   0   0   0   0   0   0   0   0   0   0   0   0   0   0   0   0   0   0   0   0   0   0   0   0
  0   0   0   0   0   0   0   0   0   0   0   0   0   0   0   0   0   0   0   0   0   0   0   0   0   0   0   0
  0   0   0   0   0   0   0   0   0   0   0   0   0   0   0   0   0   0   0   0   0   0   0   0   0   0   0   0
  0   0   0   0   0   0   0   0   0   0   0   0   0   0   0   0   0   0   0   0   0   0   0   0   0   0   0   0
  0   0   0   0   0   0   0   0   0   0   0   0   0   0   0   0   0   0   0   0   0   0   0   0   0   0   0   0
  0   0   0   0   0   0   0   0   0   0   0   0   0   0   0   0   0   0   0   0   0   0   0   0   0   0   0   0
