  0   0   0   0   0   0   0   0   0   0   0   0   0   0   0   0   0   0   0   0   0   0   0   0   0   0   0   0
  0   0   0   0   0   0   0   0   0   0   0   0   0   0   0   0   0   0   0   0   0   0   0   0   0   0   0   0
  0   0   0   0   0   0   0   0   0   0   0   0   0   0   0   0   0   0   0   0   0   0   0   0   0   0   0   0
  0   0   0   0   0   0   0   0   0   0   0   0   0   0   0   0   0   0   0   0   0   0   0   0   0   0   0   0
  0   0   0   0   0   0   0   0   0   0   0   0   0   0   0   0   0   0   0   0   0   0   0   0   0   0   0   0
  0   0   0   0   0  50 208 174  63  53   3   0   0   0   0   0   0   0   0   0   0   0   0   0   0   0   0   0
  0   0   0   0   0 108 223 223 223 223  24  58   5   0   0   0   3  15  24 229  69   0   0   0   0   0   0   0
  0   0   0   0   0 116 223 223 223 125  36  47  44  29  15  15  30  30 179 229 179  14   0   0   0   0   0   0
  0   0   0   0   0  53 223 223 234 100  55  55  55  55  54  53  47  32 229 229 229 126   0   0   0   0   0   0
  0   0   0   0   0   1 212 227 246 254  55  55  55  55  55  55  55 144 222 229 229 130   9   0   0   0   0   0
  0   0   0   0   0   6 228 229 242 254  55  52  50  55  55  55  46 126 237 229 229 129   6   0   0   0   0   0
  0   0   0   0   0 112 252 243 242 246  32  27  27  55  50  42  49 144 252 230 229 108   0   0   0   0   0   0
  0   0   0   0   0 110 252 252 246 111   0  21   4  40  30  21  32 202 254 249 219 100   0   0   0   0   0   0
  0   0   0   0   0 124 238 240 229 127  13  15   0   0   0   2  48 204 254 244 205  99   0   0   0   0   0   0
  0   0   0   0   0 112 200 222 229 229 138  39  24   1   5  22  48 254 252 229 215   0   0   0   0   0   0   0
  0   0   0   0   0   0 148 200 219 238 252 254 252 187 123 130 197 254 235 223 215  99   0   0   0   0   0   0
  0   0   0   0   0   0  49 198 198 227 254 254 254 252 247 247 252 234 224 223 221  59   0   0   0   0   0   0
  0   0   0   0   0   0   0   0  99 215 228 238 253 254 254 254 254 230 223 223 173  22  20   5   0   0   0   0
  0   0   0   0   0   0   0   0   0  16 173 226 252 254 254 254 254 250 227 223  74  24  24   6   0   0   0   0
  0   0   0   0   0   0   0   0   0  12  21  48  50  51  51 138 250 254 243 223  24  24  24  10   5   0   0   0
  0   0   0   0   0   0   0   0   0   0   5  44  30  35  31 174 234 254 254 183  24  24  24  18  16   0   0   0
  0   0   0   0   0   0   0   0   0   0  14  30  30  12  13 239 254 254 253  72  12  12  12   3   0   0   0   0
  0   0   0   0   0   0   0   0   0   0  18  30  29  20 138 254 254 254 238   9   0   0   0   0   0   0   0   0
  0   0   0   0   0   0   0   0   0   0   6  30  30  30  91 254 254 254 219   0   0   0   0   0   0   0   0   0
  0   0   0   0   0   0   0   0   0   0   4  28  30  30  31 245 252 240 154   0   0   0   0   0   0   0   0   0
  0   0   0   0   0   0   0   0   0   0   0   7  29  30  25  16   3   0   0   0   0   0   0   0   0   0   0   0
  0   0   0   0   0   0   0   0   0   0   0   0   0   0   0   0   0   0   0   0   0   0   0   0   0   0   0   0
  0   0   0   0   0   0   0   0   0   0   0   0   0   0   0   0   0   0   0   0   0   0   0   0   0   0   0   0
