  0   0   0   0   0   0   0   0   0   0   0   0   0   0   0   0   0   0   0   0   0   0   0   0   0   0   0   0
  0   0   0   0   0   0   0   0   0   0   0   0   0   0   0   0   0   0   0   0   0   0   0   0   0   0   0   0
  0   0   0   0   0   0   0   0   0   0   0   0   0   0   0   0   0   0   0   0   0   0   0   0   0   0   0   0
  0   0   0   0   0   0   0   0   0   0   0   0   0   0   0   0   0   0   0   0   0   0   0   0   0   0   0   0
  0   0   0   0   0   0   0   0   5  46 125 133 144 242 231 107   5   0   0   0   0   0   0   0   0   0   0   0
  0   0   0   0   0   0  40 140 237 245 253 253 253 253 253 247 166   9   0   0   0   0   0   0   0   0   0   0
  0   0   0   0   0   0 200 243 253 253 253 253 244 174 253 254 249 134   0   0   0   0   0   0   0   0   0   0
  0   0   0   0   0   0 211 242 253 234 182 101  44  28 127 254 253 169   3   0   0   0   0   0   0   0   0   0
  0   0   0   0   0   0  94 165 192  89  30  30  17   1 100 251 253 170  25   3   0   0   0   0   0   0   0   0
  0   0   0   0   0   0   0   0  15  30  30  30  34  50 139 229 250 170  30  19   0   0   0   0   0   0   0   0
  0   0   0   0   0   0   0   0   9  58  66 146 183 222 222 223 228 168  30  30  13   0   0   0   0   0   0   0
  0   0   0   0   0   0   0   0 139 236 253 253 237 222 222 223 222 154  52  35  29   5   0   0   0   0   0   0
  0   0   0   0   0   0   0   0 209 253 253 244 222 222 222 223 222 222 241 148  40  18   0   0   0   0   0   0
  0   0   0   0   0   0   0  53 237 253 253 238 222 153 105 106 217 222 224 247 231  61   0   0   0   0   0   0
  0   0   0   0   0   0   0  19 163 254 222  99   0   0   0   0   0 106 151 240 254 255  98   0   0   0   0   0
  0   0   0   0   0   0   0  23  34  42  25   0   0   0   0   0   0   0   3 182 250 253 226  39   0   0   0   0
  0   0   0   0   0   0   3  29  30  30   8   0   0   0   0   0   0   0   0  18 190 253 251 202   0   0   0   0
  0   0   0   0   0   0   4  30  30  68   9   0   0   0   0   0   0   0   0   0  79 253 253 215   0   0   0   0
  0   0   0   0   0   0   0  24  86 232  63   0   0   0   0   0   0   0   0   1 165 253 249 213   0   0   0   0
  0   0   0   0   0   0   0  23 126 253 172   4   0   0   0   0   0   0  25 161 238 253 245 123   0   0   0   0
  0   0   0   0   0   0   0   4 215 253 238 162  51  46  46  46 158 172 202 253 253 253 195  29   0   0   0   0
  0   0   0   0   0   0   0   0 187 249 253 253 253 253 253 254 253 253 253 253 249 195  30   0   0   0   0   0
  0   0   0   0   0   0   0   0  29 198 247 253 253 253 253 254 253 253 252 232 188  29   0   0   0   0   0   0
  0   0   0   0   0   0   0   0   0  28 106 197 244 251 241 240 230 186 111  21   0   0   0   0   0   0   0   0
  0   0   0   0   0   0   0   0   0   0   0   0   0   0   0   0   0   0   0   0   0   0   0   0   0   0   0   0
  0   0   0   0   0   0   0   0   0   0   0   0   0   0   0   0   0   0   0   0   0   0   0   0   0   0   0   0
  0   0   0   0   0   0   0   0   0   0   0   0   0   0   0   0   0   0   0   0   0   0   0   0   0   0   0   0
  0   0   0   0   0   0   0   0   0   0   0   0   0   0   0   0   0   0   0   0   0   0   0   0   0   0   0   0
