  0   0   0   0   0   0   0   0   0   0   0   0   0   0   0   0   0   0   0   0   0   0   0   0   0   0   0   0
  0   0   0   0   0   0   0   0   0   0   0   0   0   0   0   0   0   0   0   0   0   0   0   0   0   0   0   0
  0   0   0   0   0   0   0   0   0   0   0   0   0   0   0   0   0   0   0   0   0   0   0   0   0   0   0   0
  0   0   0   0   0   0   0   0   0   0   0   0   0   0   0   0   0   0   0   0   0   0   0   0   0   0   0   0
  0   0   0   0   0   0   0   0  80 224 223 144  58  12  20   3   0   0   0   0   0   0   0   0   0   0   0   0
  0   0   0   0   0   0   0   6 176 222 222 222 205 168  35   7   0   0   0   0   0   0   0   0   0   0   0   0
  0   0   0   0   0   0   0  94 222 222 203 180 197  69  30   7   0   0   0   0   0   0   0   0   0   0   0   0
  0   0   0   0   0   0   0  94 222 222 179  27  36  19  30   7  11 136  94   0   0   0   0   0   0   0   0   0
  0   0   0   0   0   0   0  94 222 222 200  49   0  14  30  12  87 222 121   0   0   0   0   0   0   0   0   0
  0   0   0   0   0   0   0  14 152 222 222 203  45  11  45 162 201 222 121   0   0   0   0   0   0   0   0   0
  0   0   0   0   0   0   0   0  13 159 222 222 198 152 185 243 222 130  54   0   0   0   0   0   0   0   0   0
  0   0   0   0   0   0   0   0   0  10 152 222 225 253 253 243 143   5   0   0   0   0   0   0   0   0   0   0
  0   0   0   0   0   0   0   0   0   0  43 222 225 253 253 230  52   0   0   0   0   0   0   0   0   0   0   0
  0   0   0   0   0   0   0   0   0   0   1 124 225 253 253 232 131   0   0   0   0   0   0   0   0   0   0   0
  0   0   0   0   0   0   0   0   0   0  29 190 225 253 250 230 194 137   4   0   0   0   0   0   0   0   0   0
  0   0   0   0   0   0   0   0   0   0  43 222 225 253 124 165 222 222 121   0   0   0   0   0   0   0   0   0
  0   0   0   0   0   0   0   0   0   0  43 222 224 248  36  61 224 222 196  45   0   0   0   0   0   0   0   0
  0   0   0   0   0   0   0   0   0   0  43 222 222 241  36  35 165 222 222 202  49   0   0   0   0   0   0   0
  0   0   0   0   0   0   0   0   0   0  43 222 222 241 165  43  21 152 222 222 125   5   0   0   0   0   0   0
  0   0   0   0   0   0   0   0   0   0  21 170 222 241 253 180  76  10 159 222 222 102   0   0   0   0   0   0
  0   0   0   0   0   0   0   0   0   0   0  15  65 180 251 253 216  87 128 222 222 138   0   0   0   0   0   0
  0   0   0   0   0   0   0   0   0   0   0   0   0   3 244 253 238 222 222 222 222  28   0   0   0   0   0   0
  0   0   0   0   0   0   0   0   0   0   0   0   0   0  75 188 212 224 222 222 188  20   0   0   0   0   0   0
  0   0   0   0   0   0   0   0   0   0   0   0   0   0   3  20  56  79 143 198  37   0   0   0   0   0   0   0
  0   0   0   0   0   0   0   0   0   0   0   0   0   0   0   0   0   0   0   0   0   0   0   0   0   0   0   0
  0   0   0   0   0   0   0   0   0   0   0   0   0   0   0   0   0   0   0   0   0   0   0   0   0   0   0   0
  0   0   0   0   0   0   0   0   0   0   0   0   0   0   0   0   0   0   0   0   0   0   0   0   0   0   0   0
  0   0   0   0   0   0   0   0   0   0   0   0   0   0   0   0   0   0   0   0   0   0   0   0   0   0   0   0
