  0   0   0   0   0   0   0   0   0   0   0   0   0   0   0   0   0   0   0   0   0   0   0   0   0   0   0   0
  0   0   0   0   0   0   0   0   0   0   0   0   0   0   0   0   0   0   0   0   0   0   0   0   0   0   0   0
  0   0   0   0   0   0   0   0   0   0   0   0   0   0   0   0   0   0   0   0   0   0   0   0   0   0   0   0
  0   0   0   0   0   0   0   0   0   0   0   0   0   0   0   0   0   0   0   0   0   0   0   0   0   0   0   0
  0   0   0   0   0   0   0   0   0   0   0   0   0   0   0   0   0   0   0   0   0   0   0   0   0   0   0   0
  0   0   0   0   0   0   0   0   0   0   0  23 222 105   0   0   0   0   0  22  89   0   0   0   0   0   0   0
  0   0   0   0   0   0   0   0   0   0   0 134 233 131  30  21   3   0   0  47 219  77   0   0   0   0   0   0
  0   0   0   0   0   0   0   0   0   0   0 154 252 135  30  30  24   1   0 152 221  81   0   0   0   0   0   0
  0   0   0   0   0   0   0   0   0   0  76 239 252 135  30  30  30  20  50 212 221  81   0   0   0   0   0   0
  0   0   0   0   0   0   0   0   0   0 169 252 252 119   7  22  30  30 165 221 221  81   0   0   0   0   0   0
  0   0   0   0   0   0   0   0   4  55 231 252 236  30   0   4  30  30 200 241 237  82   0   0   0   0   0   0
  0   0   0   0   0   0   0   0  25 166 252 246 131   0   0   2  22  30 206 252 227  28   0   0   0   0   0   0
  0   0   0   0   0   0   0   0  87 252 252 210  34   0   0   0   0  70 235 252 204   2   0   0   0   0   0   0
  0   0   0   0   0   0   0  10 194 252 252 204  12  12  67  67 135 186 252 252  93   0   0   0   0   0   0   0
  0   0   0   0   0   0   0 187 237 252 252 247 225 221 226 232 249 252 252 247 188   0   0   0   0   0   0   0
  0   0   0   0   0   0  82 222 232 252 252 252 250 249 252 253 252 252 252 234 187   0   0   0   0   0   0   0
  0   0   0   0   0   0   4 138 221 230 239 240 158 158 158 158 242 252 247 152  45   0   0   0   0   0   0   0
  0   0   0   0   0   0   0   7  22  22  22  25  22  22  25 158 249 252 214  36   0   0   0   0   0   0   0   0
  0   0   0   0   0   0   0   0   0   0   0   0   0   0  13 241 252 247 128   0   0   0   0   0   0   0   0   0
  0   0   0   0   0   0   0   0   0   0   0   0   0   0 110 249 252 214  34   0   0   0   0   0   0   0   0   0
  0   0   0   0   0   0   0   0   0   0   0   0   0  43 222 252 246 127   0   0   0   0   0   0   0   0   0   0
  0   0   0   0   0   0   0   0   0   0   0   0   1 142 252 250 186  16   0   0   0   0   0   0   0   0   0   0
  0   0   0   0   0   0   0   0   0   0   0   0  25 213 252 241 221 152  29   0   0   0   0   0   0   0   0   0
  0   0   0   0   0   0   0   0   0   0   0   1  42 252 250 226 217 172  19   0   0   0   0   0   0   0   0   0
  0   0   0   0   0   0   0   0   0   0   3  16  36 196 239 110  65   0   0   0   0   0   0   0   0   0   0   0
  0   0   0   0   0   0   0   0   0   0  22  30  30  30   5   0   0   0   0   0   0   0   0   0   0   0   0   0
  0   0   0   0   0   0   0   0   0   0   0   0   0   0   0   0   0   0   0   0   0   0   0   0   0   0   0   0
  0   0   0   0   0   0   0   0   0   0   0   0   0   0   0   0   0   0   0   0   0   0   0   0   0   0   0   0
