  0   0   0   0   0   0   0   0   0   0   0   0   0   0   0   0   0   0   0   0   0   0   0   0   0   0   0   0
  0   0   0   0   0   0   0   0   0   0   0   0   0   0   0   0   0   0   0   0   0   0   0   0   0   0   0   0
  0   0   0   0   0   0   0   0   0   0   0   0   0   0   0   0   0   0   0   0   0   0   0   0   0   0   0   0
  0   0   0   0   0   0   0   0   0   0   0   0   0   0   0   0   0   0   0   0   0   0   0   0   0   0   0   0
  0   0   0   0   0   0   0   0   0   0   0   1  27 204 231  64   9   0   0   0   0   0   0   0   0   0   0   0
  0   0   0   0   0   0   0   0   0   0   0  98 236 251  87  30  29  21   5   2   0   0   0   0   0   0   0   0
  0   0   0   0   0   0   0   0   0   0   2 157 244 138  30  30  30 133 156 116  28   1   0   0   0   0   0   0
  0   0   0   0   0   0   0   0   0  16 145 230 139  30  29   6  41 228 250 253 246  94  12   0   0   0   0   0
  0   0   0   0   0   0   0   0   3 105 223 145  30  30  19   0   0  70  89 142 232 224 185   6   0   0   0   0
  0   0   0   0   0   0   0   0  92 223 223 104  30  30   9   0   0   0   0   0 114 220 223  79   0   0   0   0
  0   0   0   0   0   0   0   3 147 223 211  55  30  30   9   0   0   0   0   0   0 130 223 188   3   0   0   0
  0   0   0   0   0   0   2 111 223 218 112  29  30  30  28  27  25  16  24   7   6  75 220 223   5   0   0   0
  0   0   0   0   0   0  11 223 223 172   0  27  30  30  30  30  30  30  30  30  27  39 225 223   5   0   0   0
  0   0   0   0   0   0  11 223 223  87   0   5  20  30  30  30  30  30  30  30  30 124 253 233   5   0   0   0
  0   0   0   0   0   0  94 223 207  21   0   0   0   9   9   9   9   9   9   9  27 152 253 168   1   0   0   0
  0   0   0   0   0   4 201 223 115   0   0   0   0   0   0   0   0   0   0   0 116 249 253  64   0   0   0   0
  0   0   0   0   0 111 246 241  75   0   0   0   0   0   0   0   0   0   5 124 248 253 139  17   0   0   0   0
  0   0   0   0   5 140 253 227   8   0   0   0   0   0   0   0   1  76 141 248 253 176  24   0   0   0   0   0
  0   0   0   0  27 145 251 213   0   0   0   0   0   0   0  35 139 248 253 223  74  33   4   0   0   0   0   0
  0   0   0   0  30 145 240 207   0   0   0   0   9  36 104 209 253 253 186  38  11   0   0   0   0   0   0   0
  0   0   0   0  30 100 252 233  91  10  26  89 143 238 253 253 225  65  21   1   0   0   0   0   0   0   0   0
  0   0   0   0  19  34 209 253 245 171 199 249 253 253 253 131  23   0   0   0   0   0   0   0   0   0   0   0
  0   0   0   0   0  22  47 253 253 253 253 253 228 117  18   2   0   0   0   0   0   0   0   0   0   0   0   0
  0   0   0   0   0   7  11  23 125 125 140  89   8   0   0   0   0   0   0   0   0   0   0   0   0   0   0   0
  0   0   0   0   0   0   0   0   0   0   0   0   0   0   0   0   0   0   0   0   0   0   0   0   0   0   0   0
  0   0   0   0   0   0   0   0   0   0   0   0   0   0   0   0   0   0   0   0   0   0   0   0   0   0   0   0
  0   0   0   0   0   0   0   0   0   0   0   0   0   0   0   0   0   0   0   0   0   0   0   0   0   0   0   0
  0   0   0   0   0   0   0   0   0   0   0   0   0   0   0   0   0   0   0   0   0   0   0   0   0   0   0   0
