  0   0   0   0   0   0   0   0   0   0   0   0   0   0   0   0   0   0   0   0   0   0   0   0   0   0   0   0
  0   0   0   0   0   0   0   0   0   0   0   0   0   0   0   0   0   0   0   0   0   0   0   0   0   0   0   0
  0   0   0   0   0   0   0   0   0   0   0   0   0   0   0   0   0   0   0   0   0   0   0   0   0   0   0   0
  0   0   0   0   0   0   0   0   0   0   0   0   0   0   0   0   0   0   0   0   0   0   0   0   0   0   0   0
  0   0   0   0   0   0   0   0   0   0   0   0   0   0   0   0   0   0   0   0  11  28   0   0   0   0   0   0
  0   0   0   0   0   0   0   0   0   0   0   0   0   0   0   0   0   0   0   4  22  28   0   0   0   0   0   0
  0   0   0   0   0   0   0   0   0   0   0   0   0   0   0   0   0   0   0  12  30  30   1   0   0   0   0   0
  0   0   0   0   0   0   0   0   0   2  67 144 163 224 223 223 167  93   2  22  30  20   0   0   0   0   0   0
  0   0   0   0   0   0   0   0  31 192 232 228 171 126  89 122 188 223 149  35  29   5   0   0   0   0   0   0
  0   0   0   0   0   0   0  17 198 248 155  53   1   0   0   0   8 141 238 120  26   0   0   0   0   0   0   0
  0   0   0   0   0   0   0  44 248 167  16   0   0   0   0   0   0  11 197 166  26   0   0   0   0   0   0   0
  0   0   0   0   0   0   0  64 254  89   7   0   0   0   0   0   0  77 175 239  37   0   0   0   0   0   0   0
  0   0   0   0   0   0   6  61 254  72   0   0   0   0   0   0  65 241 254 200   4   0   0   0   0   0   0   0
  0   0   0   0   0   0  21  62 248  60   0   0   0   0   0  65 203 245 233  58   0   0   0   0   0   0   0   0
  0   0   0   0   0   1  30  31 199 190  67   0   0  11 128 215 162 206 195  11   0   0   0   0   0   0   0   0
  0   0   0   0   0   0  28  30  77 202 248 239 206 237 191  91  35 196 189   0   0   0   0   0   0   0   0   0
  0   0   0   0   0   0   6  22  28  39 109 134 125  53  21   8  33 254 179   0   0   0   0   0   0   0   0   0
  0   0   0   0   0   0   0   0   0   0   0   0   0   0   0  15 100 254 171   0   0   0   0   0   0   0   0   0
  0   0   0   0   0   0   0   0   0   0   0   0   0   0   0  29  52 245 164   0   0   0   0   0   0   0   0   0
  0   0   0   0   0   0   0   0   0   0   0   0   0   0   0  30  33 206 164   0   0   0   0   0   0   0   0   0
  0   0   0   0   0   0   0   0   0   0   0   0   0   0  13  30  31 199 163   0   0   0   0   0   0   0   0   0
  0   0   0   0   0   0   0   0   0   0   0   0   0   2  26  30  23 203 164   0   0   0   0   0   0   0   0   0
  0   0   0   0   0   0   0   0   0   0   0   0   0  13  30  29   4 148 218  17   0   0   0   0   0   0   0   0
  0   0   0   0   0   0   0   0   0   0   0   0   0   8  25   5   0 109 223  19   0   0   0   0   0   0   0   0
  0   0   0   0   0   0   0   0   0   0   0   0   0   0   0   0   0  71 223  19   0   0   0   0   0   0   0   0
  0   0   0   0   0   0   0   0   0   0   0   0   0   0   0   0   0  71 198  11   0   0   0   0   0   0   0   0
  0   0   0   0   0   0   0   0   0   0   0   0   0   0   0   0   0  21 130   0   0   0   0   0   0   0   0   0
  0   0   0   0   0   0   0   0   0   0   0   0   0   0   0   0   0   0   0   0   0   0   0   0   0   0   0   0
