  0   0   0   0   0   0   0   0   0   0   0   0   0   0   0   0   0   0   0   0   0   0   0   0   0   0   0   0
  0   0   0   0   0   0   0   0   0   0   0   0   0   0   0   0   0   0   0   0   0   0   0   0   0   0   0   0
  0   0   0   0   0   0   0   0   0   0   0   0   0   0   0   0   0   0   0   0   0   0   0   0   0   0   0   0
  0   0   0   0   0   0   0   0   0   0   0   0   0   0   0   0   0   0   0   0   0   0   0   0   0   0   0   0
  0   0   0   0   0   0   0   0   0   0   0   0   0   0   0  45 206  87  17  13   0   0   0   0   0   0   0   0
  0   0   0   0   0   0   3   7   7   7   7   7   7   7  33 233 214 141  17   8   0   0   0   0   0   0   0   0
  0   0   0   0   0   3   7   7   6   6   6   6   7  27 150 242 215  99   0   0   0   0   0   0   0   0   0   0
  0   0   0   0   0   3   5   2   0   0   0   0   5  49 189 245 184  14   0   0   0   0   0   0   0   0   0   0
  0   0   0   0   0   0   0   0   0   0   0   0  10  86 251 225 119   0   0   0   0   0   0   0   0   0   0   0
  0   0   0   0   0   0   0   0   0   0   0   0  24 168 248 229 116   0   0   0   0   0   0   0   0   0   0   0
  0   0   0   0   0   0   0   0   0   0   0  12  31 170 243 224  97   0   0   0   0   0   0   0   0   0   0   0
  0   0   0   0   0   0   0   0   0   4   6  20  33 173 229 220  10   0   0   0   0   0   0   0   0   0   0   0
  0   0   0   0   0   0   0   0   3   7   7  25  52 244 234 223  12   0   0   0   0   0   0   0   0   0   0   0
  0   0   0   0   0   0   0   0   0   4   9  22 100 237 235 179  12   5   1   0   0   0   0   0   0   0   0   0
  0   0   0   0   0   0   0   0   0   0   8  17 143 220 240 140  16  12   7   3   0   0   0   0   0   0   0   0
  0   0   0   0   0   0   0   0   0   0   8  17 143 236 245 100  18  22  11   7   4   0   0   0   0   0   0   0
  0   0   0   0   0   0   0   0   0   0   8  46 207 232 236  26   4  17  20  12   7   2   0   0   0   0   0   0
  0   0   0   0   0   0   0   0   0   0  13  49 210 204 228  29   5   0  17  12   7   7   0   0   0   0   0   0
  0   0   0   0   0   0   0   0   0   0  13  49 206 204 200  30  19   0  17   9   7   7   4   0   0   0   0   0
  0   0   0   0   0   0   0   0   0   0   8  49 206 204 124  30  21   4  17   9   7   7   4   0   0   0   0   0
  0   0   0   0   0   0   0   0   0   0   8  49 210 201 136  30  26  13  18  11   7   7   4   0   0   0   0   0
  0   0   0   0   0   0   0   0   0   0   4  49 214 210 219  36  45  27  20   7   7   7   2   0   0   0   0   0
  0   0   0   0   0   0   0   0   0   0   0  22 169 220 243  55  55  26   7   7   6   2   0   0   0   0   0   0
  0   0   0   0   0   0   0   0   0   0   2   6  26 174 238  55  51  13   7   2   0   0   0   0   0   0   0   0
  0   0   0   0   0   0   0   0   0   0   2   6   6   2   6  27  13   0   0   0   0   0   0   0   0   0   0   0
  0   0   0   0   0   0   0   0   0   0   0   0   0   0   0   0   0   0   0   0   0   0   0   0   0   0   0   0
  0   0   0   0   0   0   0   0   0   0   0   0   0   0   0   0   0   0   0   0   0   0   0   0   0   0   0   0
  0   0   0   0   0   0   0   0   0   0   0   0   0   0   0   0   0   0   0   0   0   0   0   0   0   0   0   0
