  0   0   0   0   0   0   0   0   0   0   0   0   0   0   0   0   0   0   0   0   0   0   0   0   0   0   0   0
  0   0   0   0   0   0   0   0   0   0   0   0   0   0   0   0   0   0   0   0   0   0   0   0   0   0   0   0
  0   0   0   0   0   0   0   0   0   0   0   0   0   0   0   0   0   0   0   0   0   0   0   0   0   0   0   0
  0   0   0   0   0   0   0   0   0   0   0   0   0   0   0   0   0   0   0   0   0   0   0   0   0   0   0   0
  0   0   0   0   0   0   0   0   0   0   0   0   2   5   5 132 236 252 252 233 226  76   0   0   0   0   0   0
  0   0   0   0   0   0   0   0   0   8  10  10  20  30  67 211 250 250 250 252 247 214  72   0   0   0   0   0
  0   0   0   0   0   0   0   0  10  27  30  30  44 176 230 251 250 250 250 252 251 245 146   9   0   0   0   0
  0   0   0   0   0   0   0  10  26  30  30 112 179 250 252 251 250 250 250 252 251 250 235  62   0   0   0   0
  0   0   0   0   0   0   0  15  30  30  30 220 250 250 252 251 114 160 250 252 251 250 248  70   0   0   0   0
  0   0   0   0   0   0   0  15  30  94 185 252 252 252 236  67   0 109 247 253 253 252 252  76   0   0   0   0
  0   0   0   0   0   0   3  20  30 252 251 250 250 244  87   0   0  95 220 247 251 250 250  92   4   0   0   0
  0   0   0   0   0   0  15  62 176 252 251 250 229  80   0   0   0  95 220 247 251 250 250  92   4   0   0   0
  0   0   0   0   0  20  56 250 250 252 251 236  87   0   0   0   0  95 220 247 251 250 250  92   4   0   0   0
  0   0   0   0   0  30  62 250 250 252 251  97   2   0   0   0   0  95 220 247 251 250 250  92   4   0   0   0
  0   0   0   0   0  30 222 252 252 254 125  20   0   0   0   0   0 112 252 254 253 252 156  30   4   0   0   0
  0   0   0   0  36 157 237 250 250 215  69  13   0   0   0   0  21 187 250 252 251 232  83  23   3   0   0   0
  0   0   0   0  87 251 250 250 250  52  12   0   0   0   0  21 193 250 250 252 251 219  22   4   0   0   0   0
  0   0   0   0 222 251 250 250 182  30   0   0   0   0  96 189 250 250 250 252 251 150  15   0   0   0   0   0
  0   0   0   0 222 251 250 250  92  30   0   0  69 158 243 251 250 250 250 206  92  30   2   0   0   0   0   0
  0   0   0   0 224 227 252 252 252  94  94 230 252 252 254 253 252 252 207 144  25  16   0   0   0   0   0   0
  0   0   0   0 222 225 250 250 250 252 251 250 250 250 252 251 250 195  56  21   0   0   0   0   0   0   0   0
  0   0   0   0 199 223 240 250 250 252 251 250 250 250 242 219  82  47  19   2   0   0   0   0   0   0   0   0
  0   0   0   0  64 220 224 240 250 252 251 250 250 182 120  27  10  10   3   0   0   0   0   0   0   0   0   0
  0   0   0   0  18  62 198 223 242 252 251 228  92  47   8   4   0   0   0   0   0   0   0   0   0   0   0   0
  0   0   0   0   0   0   0   0   0   0   0   0   0   0   0   0   0   0   0   0   0   0   0   0   0   0   0   0
  0   0   0   0   0   0   0   0   0   0   0   0   0   0   0   0   0   0   0   0   0   0   0   0   0   0   0   0
  0   0   0   0   0   0   0   0   0   0   0   0   0   0   0   0   0   0   0   0   0   0   0   0   0   0   0   0
  0   0   0   0   0   0   0   0   0   0   0   0   0   0   0   0   0   0   0   0   0   0   0   0   0   0   0   0
