  0   0   0   0   0   0   0   0   0   0   0   0   0   0   0   0   0   0   0   0   0   0   0   0   0   0   0   0
  0   0   0   0   0   0   0   0   0   0   0   0   0   0   0   0   0   0   0   0   0   0   0   0   0   0   0   0
  0   0   0   0   0   0   0   0   0   0   0   0   0   0   0   0   0   0   0   0   0   0   0   0   0   0   0   0
  0   0   0   0   0   0   0   0   0   0   0   0   0   0   0   0   0   0   0   0   0   0   0   0   0   0   0   0
  0   0   0   0   0   0   0   0   0   0   0   0   0   0   0   0   0   0   0   0   0   0   0   0   0   0   0   0
  0   0   0   0   0   0   0   0   0   0   0   2  93 115 176 224 191  32   0   0   0   0   0   0   0   0   0   0
  0   0   0   0   0   0   0   0   0   0   7 128 248 252 251 241 235 206  34   0   0   0   0   0   0   0   0   0
  0   0   0   0   0   0   0   0   0   0  34 228 249 252 239 241 249 247 151  23  11   2   0   0   0   0   0   0
  0   0   0   0   0   0   0   0   0   0 156 245 252 234 159  69 123 222 231  48  30  29   8   0   0   0   0   0
  0   0   0   0   0   0   0   0   0   0 163 252 242 187  10   0  52 221 221  25   0   5  19  13   0   0   0   0
  0   0   0   0   0   0   0   0   0   0 182 251 225  89   0   0  52 221 221 117   0   0   0   4   0   0   0   0
  0   0   0   0   0   0   0   0   0   4 187 245 179  24   0   0  24 180 221 155   0   0   0   0   0   0   0   0
  0   0   0   0   0   0   0   0   0  81 248 232  19   0   0   0   0 144 221 218  61   0   0   0   0   0   0   0
  0   0   0   0   0   0   0   0   0 112 252 247  25   6   0   0   0 144 221 221  87   0   0   0   0   0   0   0
  0   0   0   0   0   0   0   0   7 226 252 249  38  30  19   4   0 144 221 221 195   0   0   0   0   0   0   0
  0   0   0   0   0   0   0   0 107 235 242 177   7   4  21  28   4  91 222 222 196   0   0   0   0   0   0   0
  0   0   0   0   0   0   0   0 105 221 221 103   0   0   0  15  27  12 100 215 195   0   0   0   0   0   0   0
  0   0   0   0   0   0   0   0 105 221 221 103   0   0   0   3  28  21   7 154  68   0   0   0   0   0   0   0
  0   0   0   0   0   0   0   0 105 221 221 103   0   0   0   0  12  30 111 155   0   0   0   0   0   0   0   0
  0   0   0   0   0   0   0   0 121 223 221 103   0   0   0   0   7  42 227 213  57   0   0   0   0   0   0   0
  0   0   0   0   0   0   0   0  45 207 221 116   1   0   0   0   0 134 243 221  65   0   0   0   0   0   0   0
  0   0   0   0   0   0   0   3  25 220 222 221  81   0   0  49 117 204 249 186  30   0   0   0   0   0   0   0
  0   0   0   0   0   0   0   0  14  78 220 228 218 115 155 215 226 250 248  32   0   0   0   0   0   0   0   0
  0   0   0   0   0   0   0   0   0   5 144 232 249 250 232 238 215 212 136   6   0   0   0   0   0   0   0   0
  0   0   0   0   0   0   0   0   0   0   0  50 227 245 168 122  46  10   0   0   0   0   0   0   0   0   0   0
  0   0   0   0   0   0   0   0   0   0   0   0   0   0   0   0   0   0   0   0   0   0   0   0   0   0   0   0
  0   0   0   0   0   0   0   0   0   0   0   0   0   0   0   0   0   0   0   0   0   0   0   0   0   0   0   0
  0   0   0   0   0   0   0   0   0   0   0   0   0   0   0   0   0   0   0   0   0   0   0   0   0   0   0   0
