  0   0   0   0   0   0   0   0   0   0   0   0   0   0   0   0   0   0   0   0   0   0   0   0   0   0   0   0
  0   0   0   0   0   0   0   0   0   0   0   0   0   0   0   0   0   0   0   0   0   0   0   0   0   0   0   0
  0   0   0   0   0   0   0   0   0   0   0   0   0   0   0   0   0   0   0   0   0   0   0   0   0   0   0   0
  0   0   0   0   0   0   0   0   0   0   0   0   0   0   0   0   0   0   0   0   0   0   0   0   0   0   0   0
  0   0   0   0   0   0   0   0   0   0   0   0   0   0   0   0   0   0   0   0   0   0   0   0   0   0   0   0
  0   0   0   0   0   0   0   0   0   0   0   0   0   0   0   0   0   0   0   0   0   0   0   0   0   0   0   0
  0   0   0   0  70  88  88 109 223 230 235 227 223 227 235 235 235 236 244 231  24  30  14  12   7   0   0   0
  0   0   0  54 203 222 222 222 226 250 253 248 246 248 253 253 253 253 253 245  30  30  30  30  17   0   0   0
  0   0   0   0 175 222 222 222 228 253 253 253 213 124 124 158 253 253 253 245  29  12  17  30  25   3   0   0
  0   0   0   0 112 140 140 190 146  43  36  32  15  19  19  43 179 223 223 166   0   0   0   0   0   0   0   0
  0   0   0   0   0   0   0  32   5  30  30  25   0   3  34 167 222 222 193  68   0   0   0   0   0   0   0   0
  0   0   0   0   0   0   0   0  15  30  30  25   0  94 222 222 222 166  14   0   0   0   0   0   0   0   0   0
  0   0   0   0   0   0   0   0  24  30  30  65 204 235 251 251 251 136  10   1   0   0   0   0   0   0   0   0
  0   0   0   0   0   0   0   0  24  56 156 222 249 253 253 253 253 163  51  18   1   0   0   0   0   0   0   0
  0   0   0   0   0   0   0   0  88 246 253 253 253 247 237 237 237 248 226  72  19   0   0   0   0   0   0   0
  0   0   0   0   0   0   0   0 146 253 253 253 231 158 154 173 222 224 238 236  68   5   0   0   0   0   0   0
  0   0   0   0   0   0   0   0 122 232 232 161  64   0   0  18  66 128 233 252 224  44   0   0   0   0   0   0
  0   0   0   0   0   0   0   0   2  24  30  16   0   0   0   0   0   0 123 249 253  56   0   0   0   0   0   0
  0   0   0   0   0   0   0   0   0   2   3   0   0   0   0   0   0   0  20 181 253 188  24   0   0   0   0   0
  0   0   0   0   0   0   0   0   0   0   0   0   0   0   0   0   0   3  25 173 252 238  87   0   0   0   0   0
  0   0   0   0   0   0   0   0   0   0   0   0   0   0   0   0   4  25  30 173 251 200  47   0   0   0   0   0
  0   0   0   0   0   0   0   0   4  33   0   0   0   0   0  17  27  56 118 234 232 174   0   0   0   0   0   0
  0   0   0   0   0   0   0   0  22 103 140 142 102  14  24  36  46 206 233 223 222  88   0   0   0   0   0   0
  0   0   0   0   0   0   0   0  24  30 176 238 253 253 190 238 253 231 222 222 222  39   0   0   0   0   0   0
  0   0   0   0   0   0   0   0  20  30  76 230 253 250 246 246 229 224 222 105  39   7   0   0   0   0   0   0
  0   0   0   0   0   0   0   0   2  11  23  71 107 189 222 222 222 222 107  31   0   0   0   0   0   0   0   0
  0   0   0   0   0   0   0   0   0   0   0   0   0   0   0   0   0   0   0   0   0   0   0   0   0   0   0   0
  0   0   0   0   0   0   0   0   0   0   0   0   0   0   0   0   0   0   0   0   0   0   0   0   0   0   0   0
