  0   0   0   0   0   0   0   0   0   0   0   0   0   0   0   0   0   0   0   0   0   0   0   0   0   0   0   0
  0   0   0   0   0   0   0   0   0   0   0   0   0   0   0   0   0   0   0   0   0   0   0   0   0   0   0   0
  0   0   0   0   0   0   0   0   0   0   0   0   0   0   0   0   0   0   0   0   0   0   0   0   0   0   0   0
  0   0   0   0   0   0   0   0   0   1  12  27  30  24   1   0   0   0   0   0   0   0   0   0   0   0   0   0
  0   0   0   0   0   0   0   0  95 254 253 174  89  30  17   1   0   0   0   0   0   0   0   0   0   0   0   0
  0   0   0   0   0   0   0   6 197 253 253 244 229 179  34  16   0   0   0   0   0   0   0   0   0   0   0   0
  0   0   0   0   0   0   0  99 249 251 217 182 197  65  30  30   8   0   0   0   0   0   0   0   0   0   0   0
  0   0   0   0   0   0   2 121 253 242 179  27  36   0  29  30  34 136  94   0   0   0   0   0   0   0   0   0
  0   0   0   0   0   0   2 121 253 231 200  49   0   0  18  30 114 222 121   0   0   0   0   0   0   0   0   0
  0   0   0   0   0   0   0  20 178 228 222 203  45   0  29 172 228 222 121   0   0   0   0   0   0   0   0   0
  0   0   0   0   0   0   0   0  15 159 222 222 196 122 169 253 249 130  54   0   0   0   0   0   0   0   0   0
  0   0   0   0   0   0   0   0   0  10 152 222 222 222 243 253 170   5   0   0   0   0   0   0   0   0   0   0
  0   0   0   0   0   0   0   0   0   0  43 222 222 222 251 248  66   0   0   0   0   0   0   0   0   0   0   0
  0   0   0   0   0   0   0   0   0   0   1 124 222 230 252 253 144   0   0   0   0   0   0   0   0   0   0   0
  0   0   0   0   0   0   0   0   0   0  29 190 229 251 250 240 194 137   4   0   0   0   0   0   0   0   0   0
  0   0   0   0   0   0   0   0   0   0  43 222 234 253 124 156 222 222 121   0   0   0   0   0   0   0   0   0
  0   0   0   0   0   0   0   0   0   0  43 224 244 253  24  43 222 222 196  45   0   0   0   0   0   0   0   0
  0   0   0   0   0   0   0   0   0   0  46 244 253 249   7   4 160 222 222 202  49   0   0   0   0   0   0   0
  0   0   0   0   0   0   0   0   0   2  59 253 253 243 143  35  33 176 245 242 134   6   0   0   0   0   0   0
  0   0   0   0   0   0   0   0   0   3  48 201 253 253 253 180 101  41 189 253 253 128   8   0   0   0   0   0
  0   0   0   0   0   0   0   0   0   7  30  46  95 202 251 253 242 118 158 253 253 169  28   2   0   0   0   0
  0   0   0   0   0   0   0   0   0   7  30  30  30  30 240 239 239 232 237 232 229  40   2   0   0   0   0   0
  0   0   0   0   0   0   0   0   0   0  16  30  17   2  60 157 182 222 222 222 188  20   0   0   0   0   0   0
  0   0   0   0   0   0   0   0   0   0   0   0   0   0   0   0  30  78 143 198  37   0   0   0   0   0   0   0
  0   0   0   0   0   0   0   0   0   0   0   0   0   0   0   0   0   0   0   0   0   0   0   0   0   0   0   0
  0   0   0   0   0   0   0   0   0   0   0   0   0   0   0   0   0   0   0   0   0   0   0   0   0   0   0   0
  0   0   0   0   0   0   0   0   0   0   0   0   0   0   0   0   0   0   0   0   0   0   0   0   0   0   0   0
  0   0   0   0   0   0   0   0   0   0   0   0   0   0   0   0   0   0   0   0   0   0   0   0   0   0   0   0
