  0   0   0   0   0   0   0   0   0   0   0   0   0   0   0   0   0   0   0   0   0   0   0   0   0   0   0   0
  0   0   0   0   0   0   0   0   0   0   0   0   0   0   0   0   0   0   0   0   0   0   0   0   0   0   0   0
  0   0   0   0   0   0   0   0   0   0   0   0   0   0   0   0   0   0   0   0   0   0   0   0   0   0   0   0
  0   0   0   0   0   0   0   0   0   0   0   0   0   0   0   0   0   0   0   0   0   0   0   0   0   0   0   0
  0   0   0   0   0   0   0   0   0   0   0   0   0   0   0   0   0   0   0   0   0   0   0   0   0   0   0   0
  0   0   0   0   0   0   3  37 114 223 222 222 222 183  76  25   0   0   0   0   0   0   0   0   0   0   0   0
  0   0   0   0   0   0 119 223 233 244 252 252 252 252 241 221 133   9  18  12   6   6  11   6   1   0   0   0
  0   0   0   0  19 142 221 248 252 253 238 233 233 241 253 252 251  98  30  30  30  30  30  30   6   0   0   0
  0   0   0   0  37 221 222 252 229 137  30   7   6  41 159 244 244 171  23  22  28  29  22  15   2   0   0   0
  0   0   0   0 114 221 221 233  82   9   0   0   0   0   6  99 221 221  75   0   3   3   0   0   0   0   0   0
  0   0   0   0  76 222 222 186  30   9   0   0   0   0   0  31 212 222 183  15   0   0   0   0   0   0   0   0
  0   0   0   0  37 221 222 233  57   4   0   2   3  12  15  15 227 244 245 184  18   0   0   0   0   0   0   0
  0   0   0   0   3 124 222 252 119  11  16  28  30  30  30  30 234 252 252 252 196  10   0   0   0   0   0   0
  0   0   0   0   0  24 218 252 252 193  68  29  25  16  23  70 222 234 234 252 252  75   0   0   0   0   0   0
  0   0   0   0   0   0  59 221 252 253 234 193 162  93 192 221 221 221 182 197 252 240  36   0   0   0   0   0
  0   0   0   0   0   1  26  93 174 236 222 222 222 222 224 222 222 174  15  37 235 252 163   6   0   0   0   0
  0   0   0   0   0   6  30  30  30  55 149 221 221 221 222 196 147  49   0  37 221 249 252  78   0   0   0   0
  0   0   0   0   0   0  14  11   1   0   6  18  41 110  57  12   0   0   0  37 221 247 252 149   0   0   0   0
  0   0   0   0   0   0   0   0   0   0   0   0   0   0   0   0   0   0   0  28 208 227 252 158   5   0   0   0
  0   0   0   0   0   0   0   0   0   0   0   0   0   0   0   0   0   0   0   0 167 232 252 151   0   0   0   0
  0   0   0   0   0   0   0   2  15  31   0   0   0   0   0   0   0   0   0  37 223 250 253 142   0   0   0   0
  0   0   0   0   0   0   1  52 180 213 136  68  50  12   0   0   0   0  31 144 246 252 244 102   0   0   0   0
  0   0   0   0   0   0   1  30  71 111 186 212 185 207 204 203 203 204 219 250 252 249 189  18   0   0   0   0
  0   0   0   0   0   0   1  30  29   3  24  81 203 221 222 221 221 231 252 253 248 224  55   0   0   0   0   0
  0   0   0   0   0   0   0  24  30  26  11   5  92 134 152 239 246 252 250 185 130  41   0   0   0   0   0   0
  0   0   0   0   0   0   0   7  29  30  30  30  30  30  30  30  30  29   4   0   0   0   0   0   0   0   0   0
  0   0   0   0   0   0   0   0   0   0   0   0   0   0   0   0   0   0   0   0   0   0   0   0   0   0   0   0
  0   0   0   0   0   0   0   0   0   0   0   0   0   0   0   0   0   0   0   0   0   0   0   0   0   0   0   0
