  0   0   0   0   0   0   0   0   0   0   0   0   0   0   0   0   0   0   0   0   0   0   0   0   0   0   0   0
  0   0   0   0   0   0   0   0   0   0   0   0   0   0   0   0   0   0   0   0   0   0   0   0   0   0   0   0
  0   0   0   0   0   0   0   0   0   0   0   0   0   0   0   0   0   0   0   0   0   0   0   0   0   0   0   0
  0   0   0   0   0   0   0   0   0   0   0   0   0   0   0   0   0   0   0   0   0   0   0   0   0   0   0   0
  0   0   0   0   0   0   0   0   0   0   0   0   0   0   0   0   0   0   0   0   0   0   0   0   0   0   0   0
  0   0   0   0   0   0   0   0   0   0   0   0   0   0   0   0   0 152   0   0   0   0   0   0   0   0   0   0
  0   0   0   0   0   0   0   0   0  17 116  60   0   0   0   0  61 199   0   0   0   0   0   0   0   0   0   0
  0   0   0   0   0   0   0   0  15 133 245  90   0   0   0   0  87 202   0   0  12  10   0   0   0   0   0   0
  0   0   0   0   0   0   0   3 130 250 220  79   0   0   0   0  87 202   0  10  30  27   1   0   0   0   0   0
  0   0   0   0   0   0   0  90 252 245  53   0   0   0   0   0  87 202   0  18  30  14   0   0   0   0   0   0
  0   0   0   0   0   0   0 141 252 175  12   0   0   0   0   0  87 202   0  27  30   9   0   0   0   0   0   0
  0   0   0   0   0   0   0 191 229  34   0   0   0   0   0   0  45 206  37  30  30   7   0   0   0   0   0   0
  0   0   0   0   0   0   8 242 202   0   0   0   2   2   7   2   2 206  59  30  28   0   0   0   0   0   0   0
  0   0   0   0   0   0  20 243 203  74  21  24  30  30  30  30  30 209 173  30  28   0   0   0   0   0   0   0
  0   0   0   0   0   2  30 243 245 251 226 165 125 123 103  14  22 144 224  51  28   0   0   0   0   0   0   0
  0   0   0   0   0  11  30  90 237 246 242 233 225 222 224 222 222 226 242 253 102   0   0   0   0   0   0   0
  0   0   0   0   0  14  30  30  50  91 217 221 221 221 222 221 221 221 236 232  71   0   0   0   0   0   0   0
  0   0   0   0   0  14  30  25   1   0  35  38 109 172 173 134  97  46 215 174  27   0   0   0   0   0   0   0
  0   0   0   0   0   5  21   5   0   0   0   0   0   4   4   0   0  10 166 174  16   0   0   0   0   0   0   0
  0   0   0   0   0   0   0   0   0   0   0   0   0   0   0   0   0  15 228 174   5   0   0   0   0   0   0   0
  0   0   0   0   0   0   0   0   0   0   0   0   0   0   0   0   0   0  93 235  19   0   0   0   0   0   0   0
  0   0   0   0   0   0   0   0   0   0   0   0   0   0   0   0   0   4  79 252  23   0   0   0   0   0   0   0
  0   0   0   0   0   0   0   0   0   0   0   0   0   0   0   0   0   4  79 246  19   0   0   0   0   0   0   0
  0   0   0   0   0   0   0   0   0   0   0   0   0   0   0   0   0   1  38 209  48   0   0   0   0   0   0   0
  0   0   0   0   0   0   0   0   0   0   0   0   0   0   0   0   0   0  23 164  22   0   0   0   0   0   0   0
  0   0   0   0   0   0   0   0   0   0   0   0   0   0   0   0   0   0  18  26  11   0   0   0   0   0   0   0
  0   0   0   0   0   0   0   0   0   0   0   0   0   0   0   0   0   0   0   0   0   0   0   0   0   0   0   0
  0   0   0   0   0   0   0   0   0   0   0   0   0   0   0   0   0   0   0   0   0   0   0   0   0   0   0   0
